12 68
5 60
5 53
29 70
27 78
39 69
35 77
12 59
19 73
18 79
27 67
6 59
17 78
1 74
36 72
20 83
32 62
27 77
24 51
21 99
21 71
8 93
36 81
39 59
19 85
30 79
18 81
43 94
12 73
42 84
31 84
47 97
1 92
40 92
5 97
8 69
23 51
22 75
40 55
46 69
39 78
7 76
18 74
3 57
44 93
42 90
26 57
14 72
27 73
4 81
10 71
21 51
22 61
16 87
15 98
31 82
38 90
40 99
45 88
14 61
20 91
17 78
5 54
41 95
12 75
42 92
11 62
31 85
35 88
11 60
19 79
7 71
38 53
30 69
6 65
31 95
2 74
6 89
29 89
39 59
9 61
15 62
44 94
28 82
17 77
12 52
1 64
18 78
13 66
14 98
49 60
8 74
46 74
5 82
10 68
39 59
26 75
34 75
32 86
35 86
0 52
15 86
25 57
16 83
41 80
45 52
30 65
42 51
23 81
0 81
41 72
32 89
24 83
26 92
28 65
12 93
36 86
20 64
23 57
35 76
21 56
37 86
35 72
28 98
10 72
29 52
29 73
16 99
23 66
37 64
49 58
13 87
25 74
39 94
36 70
13 72
45 55
5 56
34 95
29 74
30 97
17 91
47 61
29 84
39 98
37 56
23 77
30 52
30 84
19 96
14 75
16 98
34 59
31 70
35 83
12 75
49 69
29 53
35 97
18 81
49 79
38 69
47 73
22 99
43 81
36 96
45 85
13 56
31 91
38 76
4 57
48 72
4 75
35 66
16 98
17 98
35 70
23 89
44 76
36 69
37 87
48 62
10 99
37 91
40 59
33 78
39 99
36 62
13 62
25 59
7 62
21 96
9 88
30 79
41 69
28 67
10 58
48 67
23 67
6 70
16 88
30 99
20 76
39 51
8 82
32 50
46 57
34 59
47 88
30 70
42 62
4 85
32 78
8 95
40 51
2 83
36 93
10 61
39 80
23 58
46 85
37 99
31 82
49 85
47 80
13 59
23 92
13 62
24 76
37 86
17 88
14 91
40 91
22 95
12 67
46 69
37 60
16 93
24 56
11 88
41 72
36 69
37 60
27 97
25 66
26 68
0 71
48 72
13 79
27 77
44 92
21 91
15 50
47 59
5 98
49 82
11 60
21 50
25 77
26 92
11 67
39 94
5 73
20 85
38 89
35 61
27 83
7 65
29 56
0 50
6 75
45 56
18 95
8 56
33 65
20 52
27 94
15 86
42 81
14 97
22 75
16 66
5 73
0 69
30 85
1 53
43 73
0 75
9 96
3 98
27 80
20 58
28 74
45 65
11 79
26 50
41 62
0 62
27 79
31 67
14 94
9 64
38 92
0 71
36 83
26 84
41 84
6 54
49 88
18 51
9 69
39 55
32 55
5 84
10 52
41 91
18 89
47 98
36 87
16 95
39 87
28 56
6 97
12 57
10 85
22 72
16 76
2 68
14 76
23 59
14 75
25 50
15 72
24 93
37 94
17 72
3 95
34 55
3 69
15 88
43 92
34 89
29 65
11 51
44 51
4 65
4 80
5 69
37 81
31 68
26 63
38 99
28 77
16 67
43 84
37 64
0 98
1 97
48 99
18 98
17 80
42 92
40 66
20 55
20 59
34 80
8 55
20 89
21 68
26 78
36 80
49 62
9 81
43 99
4 55
15 95
37 51
31 78
12 71
37 56
48 87
15 68
38 52
5 65
47 65
40 82
5 87
2 59
37 90
5 84
41 97
7 78
26 79
25 61
25 72
5 67
7 53
41 66
29 92
1 72
37 95
20 85
13 88
48 81
24 77
3 86
10 63
26 52
34 89
45 90
27 88
45 79
1 81
21 51
13 67
49 84
49 63
42 64
26 76
4 51
15 63
38 78
4 56
15 98
44 50
18 87
43 75
28 78
23 62
15 83
20 72
29 65
49 71
48 93
24 99
37 58
21 89
29 59
37 67
22 59
47 57
14 56
39 87
28 64
8 78
35 95
37 67
11 90
46 70
10 87
13 86
32 58
9 93
45 81
47 74
4 62
42 53
24 68
13 98
46 96
4 90
10 81
15 66
37 71
42 75
13 93
1 84
45 85
37 86
18 91
49 64
47 88
18 68
36 67
41 86
20 92
23 92
48 80
13 83
32 67
24 88
26 90
12 96
10 68
2 99
21 92
48 58
7 74
32 85
18 67
25 92
40 50
41 80
28 66
2 62
48 52
35 50
32 56
39 64
5 78
25 89
20 51
32 85
31 98
45 74
26 73
9 58
47 65
11 55
14 98
47 98
4 83
32 88
25 76
45 90
18 58
8 57
36 74
17 77
29 54
17 55
15 60
0 66
24 73
24 67
13 61
24 68
49 63
27 65
35 62
18 50
22 99
19 73
11 68
0 71
3 64
19 51
13 72
45 86
19 82
25 77
30 85
3 84
22 91
38 61
16 97
7 71
7 75
40 59
18 70
7 78
34 78
10 77
0 57
39 88
33 63
17 55
5 57
39 75
25 53
41 91
4 57
20 67
12 62
11 54
9 60
18 79
18 54
14 84
18 82
19 54
38 66
7 78
26 77
7 56
44 51
10 64
3 68
13 87
3 52
44 54
48 75
9 93
29 87
43 85
38 61
7 61
32 90
42 73
40 71
9 62
49 81
19 54
24 74
36 71
9 52
1 96
8 99
36 68
17 60
19 75
22 54
43 82
12 58
21 68
49 53
46 91
39 53
28 51
46 62
9 67
47 81
31 60
43 96
17 99
47 56
10 68
31 54
4 61
24 66
16 74
43 91
40 79
30 55
45 83
16 97
42 76
10 92
0 85
19 63
49 75
34 86
41 73
8 92
29 65
32 60
30 56
21 85
26 99
28 92
0 84
11 77
2 57
48 92
28 81
3 61
12 95
16 59
25 52
43 91
19 86
11 98
15 67
42 96
8 76
25 73
40 88
28 60
31 52
12 90
36 55
16 86
42 82
24 51
48 52
8 81
19 63
31 69
13 84
10 81
13 58
37 71
43 75
31 73
17 50
19 62
48 99
16 82
8 90
32 74
1 72
2 76
39 68
22 54
18 74
9 55
28 93
2 81
44 70
39 77
30 66
1 91
19 91
23 72
20 74
49 78
39 80
29 65
48 52
45 77
15 99
19 99
20 89
16 55
35 83
11 79
19 96
47 96
22 96
43 99
8 90
19 96
44 70
8 96
13 58
3 99
7 72
43 68
4 83
29 65
23 97
2 68
43 66
40 57
2 71
8 53
22 57
0 80
22 77
7 69
26 91
28 72
8 74
10 71
6 58
49 93
26 94
20 78
1 72
1 99
18 70
42 76
20 96
36 89
35 78
34 52
6 55
25 51
19 51
42 77
44 94
47 63
2 54
12 50
10 70
38 51
16 79
12 78
7 60
33 63
45 84
11 75
46 74
20 69
4 91
34 92
3 72
2 83
28 78
8 93
25 87
15 84
34 75
25 66
19 62
18 93
14 81
19 61
19 67
34 80
20 87
33 99
33 95
16 92
4 71
21 71
29 84
24 85
46 59
35 77
9 71
34 97
48 98
42 66
32 95
24 67
10 84
38 78
5 72
43 97
7 93
48 98
40 62
28 97
39 96
11 87
29 75
12 64
11 79
5 72
49 58
3 73
9 82
8 91
31 86
1 80
43 64
5 96
16 98
45 84
15 61
41 54
20 88
23 97
49 74
39 76
48 93
3 82
45 89
38 83
42 62
28 67
22 95
18 73
43 87
29 79
3 74
20 84
4 82
12 73
21 92
45 94
26 60
28 71
30 85
15 90
25 77
38 76
12 60
14 76
11 81
3 64
2 55
6 77
26 58
6 56
34 97
11 67
4 89
9 98
23 50
0 91
38 63
42 55
10 59
36 72
31 74
42 68
39 69
24 79
41 78
10 63
23 99
24 61
49 92
9 89
33 50
9 85
28 90
18 87
22 52
7 99
1 99
6 78
47 52
34 80
5 81
0 90
6 61
12 79
29 51
28 53
49 61
39 54
33 80
16 72
17 77
36 53
20 58
4 61
23 55
48 72
25 84
23 86
33 52
35 69
28 53
43 77
26 75
16 58
14 72
37 81
15 61
15 97
15 79
4 94
3 81
49 53
6 98
0 60
23 87
48 77
42 59
21 77
20 63
10 63
6 96
2 86
20 73
0 92
18 71
45 65
39 85
19 98
21 60
35 67
40 86
38 70
23 95
15 90
39 97
31 60
17 77
3 56
22 97
49 94
5 57
15 73
2 85
26 74
12 75
16 68
24 55
28 58
30 71
41 60
34 71
35 63
46 79
20 52
47 98
9 71
22 53
48 99
6 87
21 88
5 86
3 94
47 72
38 78
47 53
30 98
42 78
3 79
30 55
4 80
5 64
41 56
13 89
23 94
28 64
16 66
26 71
4 95
21 79
46 80
38 84
49 68
8 59
44 61
12 66
26 96
29 93
5 68
35 84
16 79
30 77
28 98
14 65
4 92
41 66
38 70
48 93
7 52
40 54
33 84
11 94
49 82
45 68
26 93
41 67
15 53
36 81
20 62
14 99
39 78
42 50
32 90
44 90
18 72
33 80
40 80
22 89
42 80
48 85
12 63
1 86
13 78
11 57
11 83
26 64
8 74
34 68
31 54
17 96
7 50
22 91
23 72
40 98
27 73
39 52
22 94
4 88
12 86
22 95
15 61
6 55
37 59
2 83
22 64
32 56
23 56
2 81
49 50
36 68
35 75
22 77
44 50
26 61
39 64
40 64
33 62
17 72
39 86
37 63
48 80
11 64
25 78
44 82
14 88
40 77
46 63
7 83
28 54
13 94
2 77
41 55
46 79
42 77
6 64
42 88
23 67
12 55
41 60
39 74
43 55
44 92
20 84
0 93
13 64
47 62
35 51
5 92
39 79
25 91
9 95
36 79
26 51
37 94
29 81
32 78
37 65
36 72
6 92
17 78
42 85
31 51
16 50
46 71
41 58
32 91
47 91
5 65
18 82
16 74
29 91
34 81
24 82
8 56
5 91
20 56
33 60
18 91
37 95
19 50
47 72
46 52
29 72
14 53
30 92
6 89
26 80
49 58
38 77
39 74
23 65
46 50
6 66
8 81
42 74
14 97
14 73
32 85
39 73
12 63
46 53
38 92
35 94
37 95
12 85
11 73
36 51
19 78
13 53
38 93
43 79
49 99
26 62
44 60
14 97
27 58
33 93
16 56
46 52
25 51
27 71
9 68
9 72
26 60
30 78
31 96
16 95
18 73
19 95
46 70
22 99
15 88
33 83
15 99
40 65
39 84
40 66
24 69
48 65
22 82
46 94
18 95
20 60
18 74
7 82
32 93
37 91
3 85
20 52
31 77
24 64
45 62
11 58
10 58
42 77
6 56
44 78
39 69
44 59
10 64
14 56
14 96
9 93
34 53
28 63
6 72
43 93
33 62
46 92
43 68
17 63
4 89
27 68
36 75
41 73
17 92
11 89
6 51
30 70
29 53
29 83
42 58
20 81
12 64
26 89
46 85
21 61
0 54
23 82
44 75
20 91
41 59
1 95
45 74
23 98
15 99
18 75
2 95
31 89
11 77
11 78
45 83
33 50
19 80
24 61
38 91
37 61
22 96
21 55
40 86
36 75
34 59
9 56
0 71
1 71
46 86
47 57
17 58
2 68
40 87
5 66
16 84
3 56
6 58
5 82
10 91
29 68
24 72
35 59
1 74
12 68
36 78
7 86
41 62
26 86
2 75
25 93
40 80
21 97
28 96
3 85
32 80
19 58
23 52
1 83
6 88
24 98
23 84
10 79
46 86
44 86
24 68
10 64
25 66
11 53
15 68
48 80
37 66
44 75
45 94
18 81
2 72
9 70
36 91
32 72
30 52
42 74
0 65
41 71
36 68
13 56
41 57
43 87
44 74
4 96
46 64
43 56
20 79
42 52
5 60
49 98
9 50
39 52
2 86
47 83
3 54
23 90
25 84
46 78
13 94
35 56
0 87
34 94
7 85
23 85
24 55
15 55
41 60
4 90
8 93
45 95
17 59
16 71
41 61
2 90
14 95
15 88
27 88
17 89
15 75
24 95
9 92
9 81
16 54
44 84
24 74
32 77
6 78
31 54
43 77
0 82
20 54
22 56
0 71
45 85
45 52
8 75
0 76
2 59
44 76
36 77
27 90
17 94
34 83
21 64
0 67
21 50
3 96
15 79
36 75
46 65
5 63
23 95
18 59
3 89
29 79
2 73
35 62
29 57
29 89
38 53
31 77
45 90
40 67
29 70
36 73
33 70
47 88
32 90
34 54
37 50
27 54
27 59
1 73
15 56
41 94
11 94
24 95
36 56
22 99
40 89
6 65
36 83
11 79
11 74
9 61
42 52
24 70
38 66
28 51
17 66
4 91
24 59
23 64
30 99
26 55
42 74
23 84
49 73
12 69
8 84
10 54
12 94
11 86
39 52
18 57
4 87
0 53
0 61
28 54
45 56
40 86
40 83
36 97
48 52
27 72
23 54
6 82
32 57
23 96
37 56
18 62
14 86
33 76
4 76
22 94
39 87
41 55
43 79
8 77
1 67
17 71
0 83
13 70
11 96
31 52
3 58
3 59
48 82
34 55
1 93
3 71
17 50
26 87
9 95
48 89
48 92
25 63
8 57
33 68
7 60
23 71
44 92
25 55
5 67
13 58
35 73
48 82
42 76
33 60
44 89
1 73
12 71
43 86
2 51
11 67
3 50
0 54
36 59
17 71
19 67
29 65
9 94
19 54
37 52
38 73
41 66
42 68
0 82
0 98
49 91
18 50
2 50
34 80
2 69
31 97
9 67
29 59
28 55
33 84
32 84
3 69
12 95
4 67
9 90
41 88
25 61
30 72
8 92
7 71
24 77
45 90
1 81
10 83
0 57
43 69
13 73
2 63
4 52
46 66
8 99
28 98
32 94
21 89
28 62
19 63
38 92
31 55
22 94
39 56
14 70
31 82
68 12
60 5
53 5
70 29
78 27
69 39
77 35
59 12
73 19
79 18
67 27
59 6
78 17
74 1
72 36
83 20
62 32
77 27
51 24
99 21
71 21
93 8
81 36
59 39
85 19
79 30
81 18
94 43
73 12
84 42
84 31
97 47
92 1
92 40
97 5
69 8
51 23
75 22
55 40
69 46
78 39
76 7
74 18
57 3
93 44
90 42
57 26
72 14
73 27
81 4
71 10
51 21
61 22
87 16
98 15
82 31
90 38
99 40
88 45
61 14
91 20
78 17
54 5
95 41
75 12
92 42
62 11
85 31
88 35
60 11
79 19
71 7
53 38
69 30
65 6
95 31
74 2
89 6
89 29
59 39
61 9
62 15
94 44
82 28
77 17
52 12
64 1
78 18
66 13
98 14
60 49
74 8
74 46
82 5
68 10
59 39
75 26
75 34
86 32
86 35
52 0
86 15
57 25
83 16
80 41
52 45
65 30
51 42
81 23
81 0
72 41
89 32
83 24
92 26
65 28
93 12
86 36
64 20
57 23
76 35
56 21
86 37
72 35
98 28
72 10
52 29
73 29
99 16
66 23
64 37
58 49
87 13
74 25
94 39
70 36
72 13
55 45
56 5
95 34
74 29
97 30
91 17
61 47
84 29
98 39
56 37
77 23
52 30
84 30
96 19
75 14
98 16
59 34
70 31
83 35
75 12
69 49
53 29
97 35
81 18
79 49
69 38
73 47
99 22
81 43
96 36
85 45
56 13
91 31
76 38
57 4
72 48
75 4
66 35
98 16
98 17
70 35
89 23
76 44
69 36
87 37
62 48
99 10
91 37
59 40
78 33
99 39
62 36
62 13
59 25
62 7
96 21
88 9
79 30
69 41
67 28
58 10
67 48
67 23
70 6
88 16
99 30
76 20
51 39
82 8
50 32
57 46
59 34
88 47
70 30
62 42
85 4
78 32
95 8
51 40
83 2
93 36
61 10
80 39
58 23
85 46
99 37
82 31
85 49
80 47
59 13
92 23
62 13
76 24
86 37
88 17
91 14
91 40
95 22
67 12
69 46
60 37
93 16
56 24
88 11
72 41
69 36
60 37
97 27
66 25
68 26
71 0
72 48
79 13
77 27
92 44
91 21
50 15
59 47
98 5
82 49
60 11
50 21
77 25
92 26
67 11
94 39
73 5
85 20
89 38
61 35
83 27
65 7
56 29
50 0
75 6
56 45
95 18
56 8
65 33
52 20
94 27
86 15
81 42
97 14
75 22
66 16
73 5
69 0
85 30
53 1
73 43
75 0
96 9
98 3
80 27
58 20
74 28
65 45
79 11
50 26
62 41
62 0
79 27
67 31
94 14
64 9
92 38
71 0
83 36
84 26
84 41
54 6
88 49
51 18
69 9
55 39
55 32
84 5
52 10
91 41
89 18
98 47
87 36
95 16
87 39
56 28
97 6
57 12
85 10
72 22
76 16
68 2
76 14
59 23
75 14
50 25
72 15
93 24
94 37
72 17
95 3
55 34
69 3
88 15
92 43
89 34
65 29
51 11
51 44
65 4
80 4
69 5
81 37
68 31
63 26
99 38
77 28
67 16
84 43
64 37
98 0
97 1
99 48
98 18
80 17
92 42
66 40
55 20
59 20
80 34
55 8
89 20
68 21
78 26
80 36
62 49
81 9
99 43
55 4
95 15
51 37
78 31
71 12
56 37
87 48
68 15
52 38
65 5
65 47
82 40
87 5
59 2
90 37
84 5
97 41
78 7
79 26
61 25
72 25
67 5
53 7
66 41
92 29
72 1
95 37
85 20
88 13
81 48
77 24
86 3
63 10
52 26
89 34
90 45
88 27
79 45
81 1
51 21
67 13
84 49
63 49
64 42
76 26
51 4
63 15
78 38
56 4
98 15
50 44
87 18
75 43
78 28
62 23
83 15
72 20
65 29
71 49
93 48
99 24
58 37
89 21
59 29
67 37
59 22
57 47
56 14
87 39
64 28
78 8
95 35
67 37
90 11
70 46
87 10
86 13
58 32
93 9
81 45
74 47
62 4
53 42
68 24
98 13
96 46
90 4
81 10
66 15
71 37
75 42
93 13
84 1
85 45
86 37
91 18
64 49
88 47
68 18
67 36
86 41
92 20
92 23
80 48
83 13
67 32
88 24
90 26
96 12
68 10
99 2
92 21
58 48
74 7
85 32
67 18
92 25
50 40
80 41
66 28
62 2
52 48
50 35
56 32
64 39
78 5
89 25
51 20
85 32
98 31
74 45
73 26
58 9
65 47
55 11
98 14
98 47
83 4
88 32
76 25
90 45
58 18
57 8
74 36
77 17
54 29
55 17
60 15
66 0
73 24
67 24
61 13
68 24
63 49
65 27
62 35
50 18
99 22
73 19
68 11
71 0
64 3
51 19
72 13
86 45
82 19
77 25
85 30
84 3
91 22
61 38
97 16
71 7
75 7
59 40
70 18
78 7
78 34
77 10
57 0
88 39
63 33
55 17
57 5
75 39
53 25
91 41
57 4
67 20
62 12
54 11
60 9
79 18
54 18
84 14
82 18
54 19
66 38
78 7
77 26
56 7
51 44
64 10
68 3
87 13
52 3
54 44
75 48
93 9
87 29
85 43
61 38
61 7
90 32
73 42
71 40
62 9
81 49
54 19
74 24
71 36
52 9
96 1
99 8
68 36
60 17
75 19
54 22
82 43
58 12
68 21
53 49
91 46
53 39
51 28
62 46
67 9
81 47
60 31
96 43
99 17
56 47
68 10
54 31
61 4
66 24
74 16
91 43
79 40
55 30
83 45
97 16
76 42
92 10
85 0
63 19
75 49
86 34
73 41
92 8
65 29
60 32
56 30
85 21
99 26
92 28
84 0
77 11
57 2
92 48
81 28
61 3
95 12
59 16
52 25
91 43
86 19
98 11
67 15
96 42
76 8
73 25
88 40
60 28
52 31
90 12
55 36
86 16
82 42
51 24
52 48
81 8
63 19
69 31
84 13
81 10
58 13
71 37
75 43
73 31
50 17
62 19
99 48
82 16
90 8
74 32
72 1
76 2
68 39
54 22
74 18
55 9
93 28
81 2
70 44
77 39
66 30
91 1
91 19
72 23
74 20
78 49
80 39
65 29
52 48
77 45
99 15
99 19
89 20
55 16
83 35
79 11
96 19
96 47
96 22
99 43
90 8
96 19
70 44
96 8
58 13
99 3
72 7
68 43
83 4
65 29
97 23
68 2
66 43
57 40
71 2
53 8
57 22
80 0
77 22
69 7
91 26
72 28
74 8
71 10
58 6
93 49
94 26
78 20
72 1
99 1
70 18
76 42
96 20
89 36
78 35
52 34
55 6
51 25
51 19
77 42
94 44
63 47
54 2
50 12
70 10
51 38
79 16
78 12
60 7
63 33
84 45
75 11
74 46
69 20
91 4
92 34
72 3
83 2
78 28
93 8
87 25
84 15
75 34
66 25
62 19
93 18
81 14
61 19
67 19
80 34
87 20
99 33
95 33
92 16
71 4
71 21
84 29
85 24
59 46
77 35
71 9
97 34
98 48
66 42
95 32
67 24
84 10
78 38
72 5
97 43
93 7
98 48
62 40
97 28
96 39
87 11
75 29
64 12
79 11
72 5
58 49
73 3
82 9
91 8
86 31
80 1
64 43
96 5
98 16
84 45
61 15
54 41
88 20
97 23
74 49
76 39
93 48
82 3
89 45
83 38
62 42
67 28
95 22
73 18
87 43
79 29
74 3
84 20
82 4
73 12
92 21
94 45
60 26
71 28
85 30
90 15
77 25
76 38
60 12
76 14
81 11
64 3
55 2
77 6
58 26
56 6
97 34
67 11
89 4
98 9
50 23
91 0
63 38
55 42
59 10
72 36
74 31
68 42
69 39
79 24
78 41
63 10
99 23
61 24
92 49
89 9
50 33
85 9
90 28
87 18
52 22
99 7
99 1
78 6
52 47
80 34
81 5
90 0
61 6
79 12
51 29
53 28
61 49
54 39
80 33
72 16
77 17
53 36
58 20
61 4
55 23
72 48
84 25
86 23
52 33
69 35
53 28
77 43
75 26
58 16
72 14
81 37
61 15
97 15
79 15
94 4
81 3
53 49
98 6
60 0
87 23
77 48
59 42
77 21
63 20
63 10
96 6
86 2
73 20
92 0
71 18
65 45
85 39
98 19
60 21
67 35
86 40
70 38
95 23
90 15
97 39
60 31
77 17
56 3
97 22
94 49
57 5
73 15
85 2
74 26
75 12
68 16
55 24
58 28
71 30
60 41
71 34
63 35
79 46
52 20
98 47
71 9
53 22
99 48
87 6
88 21
86 5
94 3
72 47
78 38
53 47
98 30
78 42
79 3
55 30
80 4
64 5
56 41
89 13
94 23
64 28
66 16
71 26
95 4
79 21
80 46
84 38
68 49
59 8
61 44
66 12
96 26
93 29
68 5
84 35
79 16
77 30
98 28
65 14
92 4
66 41
70 38
93 48
52 7
54 40
84 33
94 11
82 49
68 45
93 26
67 41
53 15
81 36
62 20
99 14
78 39
50 42
90 32
90 44
72 18
80 33
80 40
89 22
80 42
85 48
63 12
86 1
78 13
57 11
83 11
64 26
74 8
68 34
54 31
96 17
50 7
91 22
72 23
98 40
73 27
52 39
94 22
88 4
86 12
95 22
61 15
55 6
59 37
83 2
64 22
56 32
56 23
81 2
50 49
68 36
75 35
77 22
50 44
61 26
64 39
64 40
62 33
72 17
86 39
63 37
80 48
64 11
78 25
82 44
88 14
77 40
63 46
83 7
54 28
94 13
77 2
55 41
79 46
77 42
64 6
88 42
67 23
55 12
60 41
74 39
55 43
92 44
84 20
93 0
64 13
62 47
51 35
92 5
79 39
91 25
95 9
79 36
51 26
94 37
81 29
78 32
65 37
72 36
92 6
78 17
85 42
51 31
50 16
71 46
58 41
91 32
91 47
65 5
82 18
74 16
91 29
81 34
82 24
56 8
91 5
56 20
60 33
91 18
95 37
50 19
72 47
52 46
72 29
53 14
92 30
89 6
80 26
58 49
77 38
74 39
65 23
50 46
66 6
81 8
74 42
97 14
73 14
85 32
73 39
63 12
53 46
92 38
94 35
95 37
85 12
73 11
51 36
78 19
53 13
93 38
79 43
99 49
62 26
60 44
97 14
58 27
93 33
56 16
52 46
51 25
71 27
68 9
72 9
60 26
78 30
96 31
95 16
73 18
95 19
70 46
99 22
88 15
83 33
99 15
65 40
84 39
66 40
69 24
65 48
82 22
94 46
95 18
60 20
74 18
82 7
93 32
91 37
85 3
52 20
77 31
64 24
62 45
58 11
58 10
77 42
56 6
78 44
69 39
59 44
64 10
56 14
96 14
93 9
53 34
63 28
72 6
93 43
62 33
92 46
68 43
63 17
89 4
68 27
75 36
73 41
92 17
89 11
51 6
70 30
53 29
83 29
58 42
81 20
64 12
89 26
85 46
61 21
54 0
82 23
75 44
91 20
59 41
95 1
74 45
98 23
99 15
75 18
95 2
89 31
77 11
78 11
83 45
50 33
80 19
61 24
91 38
61 37
96 22
55 21
86 40
75 36
59 34
56 9
71 0
71 1
86 46
57 47
58 17
68 2
87 40
66 5
84 16
56 3
58 6
82 5
91 10
68 29
72 24
59 35
74 1
68 12
78 36
86 7
62 41
86 26
75 2
93 25
80 40
97 21
96 28
85 3
80 32
58 19
52 23
83 1
88 6
98 24
84 23
79 10
86 46
86 44
68 24
64 10
66 25
53 11
68 15
80 48
66 37
75 44
94 45
81 18
72 2
70 9
91 36
72 32
52 30
74 42
65 0
71 41
68 36
56 13
57 41
87 43
74 44
96 4
64 46
56 43
79 20
52 42
60 5
98 49
50 9
52 39
86 2
83 47
54 3
90 23
84 25
78 46
94 13
56 35
87 0
94 34
85 7
85 23
55 24
55 15
60 41
90 4
93 8
95 45
59 17
71 16
61 41
90 2
95 14
88 15
88 27
89 17
75 15
95 24
92 9
81 9
54 16
84 44
74 24
77 32
78 6
54 31
77 43
82 0
54 20
56 22
71 0
85 45
52 45
75 8
76 0
59 2
76 44
77 36
90 27
94 17
83 34
64 21
67 0
50 21
96 3
79 15
75 36
65 46
63 5
95 23
59 18
89 3
79 29
73 2
62 35
57 29
89 29
53 38
77 31
90 45
67 40
70 29
73 36
70 33
88 47
90 32
54 34
50 37
54 27
59 27
73 1
56 15
94 41
94 11
95 24
56 36
99 22
89 40
65 6
83 36
79 11
74 11
61 9
52 42
70 24
66 38
51 28
66 17
91 4
59 24
64 23
99 30
55 26
74 42
84 23
73 49
69 12
84 8
54 10
94 12
86 11
52 39
57 18
87 4
53 0
61 0
54 28
56 45
86 40
83 40
97 36
52 48
72 27
54 23
82 6
57 32
96 23
56 37
62 18
86 14
76 33
76 4
94 22
87 39
55 41
79 43
77 8
67 1
71 17
83 0
70 13
96 11
52 31
58 3
59 3
82 48
55 34
93 1
71 3
50 17
87 26
95 9
89 48
92 48
63 25
57 8
68 33
60 7
71 23
92 44
55 25
67 5
58 13
73 35
82 48
76 42
60 33
89 44
73 1
71 12
86 43
51 2
67 11
50 3
54 0
59 36
71 17
67 19
65 29
94 9
54 19
52 37
73 38
66 41
68 42
82 0
98 0
91 49
50 18
50 2
80 34
69 2
97 31
67 9
59 29
55 28
84 33
84 32
69 3
95 12
67 4
90 9
88 41
61 25
72 30
92 8
71 7
77 24
90 45
81 1
83 10
57 0
69 43
73 13
63 2
52 4
66 46
99 8
98 28
94 32
89 21
62 28
63 19
92 38
55 31
94 22
56 39
70 14
82 31
86 96
96 86
79 99
99 79
64 85
85 64
92 86
86 92
53 64
64 53
81 68
68 81
81 58
58 81
80 79
79 80
56 95
95 56
63 88
88 63
59 66
66 59
62 86
86 62
75 50
50 75
74 90
90 74
91 88
88 91
89 65
65 89
74 66
66 74
95 58
58 95
66 80
80 66
66 51
51 66
91 98
98 91
94 72
72 94
90 82
82 90
50 84
84 50
60 61
61 60
54 79
79 54
83 77
77 83
57 61
61 57
80 78
78 80
76 67
67 76
94 59
59 94
62 90
90 62
78 68
68 78
72 69
69 72
80 82
82 80
82 51
51 82
98 84
84 98
77 74
74 77
94 70
70 94
83 71
71 83
96 61
61 96
93 68
68 93
52 78
78 52
50 72
72 50
87 97
97 87
83 89
89 83
63 73
73 63
51 89
89 51
68 86
86 68
83 82
82 83
69 73
73 69
70 96
96 70
83 74
74 83
55 96
96 55
52 50
50 52
59 51
51 59
85 66
66 85
92 65
65 92
86 75
75 86
59 54
54 59
69 71
71 69
68 86
86 68
98 73
73 98
64 79
79 64
74 52
52 74
61 69
69 61
62 98
98 62
72 57
57 72
78 96
96 78
63 76
76 63
72 87
87 72
59 81
81 59
69 93
93 69
64 61
61 64
98 71
71 98
96 84
84 96
51 61
61 51
56 50
50 56
79 88
88 79
73 75
75 73
95 94
94 95
60 88
88 60
71 66
66 71
63 76
76 63
69 96
96 69
88 67
67 88
91 92
92 91
82 91
91 82
68 76
76 68
60 71
71 60
53 93
93 53
93 68
68 93
60 52
52 60
99 97
97 99
97 56
56 97
69 92
92 69
73 66
66 73
93 97
97 93
73 99
99 73
95 72
72 95
58 95
95 58
62 56
56 62
75 70
70 75
84 88
88 84
60 96
96 60
83 57
57 83
80 63
63 80
73 55
55 73
94 71
71 94
87 82
82 87
55 98
98 55
64 90
90 64
53 92
92 53
93 81
81 93
74 51
51 74
78 94
94 78
59 88
88 59
74 76
76 74
59 63
63 59
91 98
98 91
71 83
83 71
80 82
82 80
77 88
88 77
85 91
91 85
87 98
98 87
64 85
85 64
69 58
58 69
68 79
79 68
75 81
81 75
95 67
67 95
92 90
90 92
91 68
68 91
81 61
61 81
80 81
81 80
99 75
75 99
51 71
71 51
64 95
95 64
62 74
74 62
76 94
94 76
71 51
51 71
56 82
82 56
86 54
54 86
91 85
85 91
85 91
91 85
99 81
81 99
53 50
50 53
90 72
72 90
68 86
86 68
80 84
84 80
91 51
51 91
82 98
98 82
78 61
61 78
79 74
74 79
61 89
89 61
71 60
60 71
92 99
99 92
51 56
56 51
82 91
91 82
50 94
94 50
65 77
77 65
92 85
85 92
50 92
92 50
52 93
93 52
61 95
95 61
54 83
83 54
89 66
66 89
56 69
69 56
92 80
80 92
96 73
73 96
85 53
53 85
94 79
79 94
78 95
95 78
77 62
62 77
80 60
60 80
97 99
99 97
92 76
76 92
95 93
93 95
79 76
76 79
53 98
98 53
54 53
53 54
53 97
97 53
62 75
75 62
81 57
57 81
64 74
74 64
56 79
79 56
54 69
69 54
78 99
99 78
97 99
99 97
61 53
53 61
73 84
84 73
75 51
51 75
74 61
61 74
89 71
71 89
97 80
80 97
74 75
75 74
77 78
78 77
64 81
81 64
90 69
69 90
95 85
85 95
75 54
54 75
90 89
89 90
68 87
87 68
67 66
66 67
79 91
91 79
78 91
91 78
87 62
62 87
66 61
61 66
74 60
60 74
52 99
99 52
76 94
94 76
91 62
62 91
77 66
66 77
93 66
66 93
50 75
75 50
93 86
86 93
60 80
80 60
52 65
65 52
55 50
50 55
98 72
72 98
77 76
76 77
61 58
58 61
78 89
89 78
77 61
61 77
98 80
80 98
57 81
81 57
92 86
86 92
81 61
61 81
85 55
55 85
54 90
90 54
70 90
90 70
63 87
87 63
65 73
73 65
93 69
69 93
54 71
71 54
99 80
80 99
93 91
91 93
98 64
64 98
59 76
76 59
61 77
77 61
73 85
85 73
55 73
73 55
93 87
87 93
75 53
53 75
98 96
96 98
60 70
70 60
73 62
62 73
77 74
74 77
78 98
98 78
70 86
86 70
78 60
60 78
67 89
89 67
64 68
68 64
50 89
89 50
71 63
63 71
89 76
76 89
70 52
52 70
93 98
98 93
80 96
96 80
58 51
51 58
92 80
80 92
53 60
60 53
83 53
53 83
70 79
79 70
68 52
52 68
82 78
78 82
77 54
54 77
80 75
75 80
87 78
78 87
62 94
94 62
88 95
95 88
55 78
78 55
80 93
93 80
82 56
56 82
83 97
97 83
65 76
76 65
55 60
60 55
57 94
94 57
53 96
96 53
74 73
73 74
69 81
81 69
86 96
96 86
77 73
73 77
76 59
59 76
97 57
57 97
63 78
78 63
53 78
78 53
86 67
67 86
95 97
97 95
95 81
81 95
90 93
93 90
71 55
55 71
95 99
99 95
67 54
54 67
81 85
85 81
83 84
84 83
59 60
60 59
71 81
81 71
64 70
70 64
83 75
75 83
90 71
71 90
61 98
98 61
59 83
83 59
96 59
59 96
68 95
95 68
82 83
83 82
68 73
73 68
74 77
77 74
82 75
75 82
57 72
72 57
75 96
96 75
61 97
97 61
57 76
76 57
80 67
67 80
62 96
96 62
58 68
68 58
92 91
91 92
95 84
84 95
91 87
87 91
52 89
89 52
97 75
75 97
78 51
51 78
59 94
94 59
54 60
60 54
97 55
55 97
85 63
63 85
62 92
92 62
86 56
56 86
67 62
62 67
78 62
62 78
53 98
98 53
67 58
58 67
51 83
83 51
93 70
70 93
57 64
64 57
87 78
78 87
59 58
58 59
83 90
90 83
77 94
94 77
92 89
89 92
85 69
69 85
54 68
68 54
82 86
86 82
55 84
84 55
61 55
55 61
61 51
51 61
67 77
77 67
52 69
69 52
55 60
60 55
93 96
96 93
74 60
60 74
66 71
71 66
95 93
93 95
80 97
97 80
80 89
89 80
95 68
68 95
84 50
50 84
74 66
66 74
51 83
83 51
63 90
90 63
61 53
53 61
63 93
93 63
54 50
50 54
92 90
90 92
94 95
95 94
87 53
53 87
79 67
67 79
51 99
99 51
67 80
80 67
66 81
81 66
96 94
94 96
86 91
91 86
72 62
62 72
57 77
77 57
98 63
63 98
89 69
69 89
88 69
69 88
53 54
54 53
74 64
64 74
83 88
88 83
53 57
57 53
81 61
61 81
58 62
62 58
95 69
69 95
81 90
90 81
57 95
95 57
79 96
96 79
60 71
71 60
74 85
85 74
95 93
93 95
58 73
73 58
67 76
76 67
53 74
74 53
80 91
91 80
94 83
83 94
94 69
69 94
75 96
96 75
99 79
79 99
98 86
86 98
75 55
55 75
80 92
92 80
60 50
50 60
77 90
90 77
64 68
68 64
53 94
94 53
51 94
94 51
57 81
81 57
82 85
85 82
64 92
92 64
72 77
77 72
65 70
70 65
56 78
78 56
78 76
76 78
99 50
50 99
62 95
95 62
55 94
94 55
95 72
72 95
56 93
93 56
68 80
80 68
98 89
89 98
59 68
68 59
96 91
91 96
50 51
51 50
84 55
55 84
72 61
61 72
93 70
70 93
83 78
78 83
93 68
68 93
91 80
80 91
99 69
69 99
52 65
65 52
65 68
68 65
85 92
92 85
56 58
58 56
50 74
74 50
89 94
94 89
81 94
94 81
79 91
91 79
78 93
93 78
74 99
99 74
99 94
94 99
94 67
67 94
88 51
51 88
71 74
74 71
59 88
88 59
84 61
61 84
87 59
59 87
59 82
82 59
98 59
59 98
68 94
94 68
73 61
61 73
74 92
92 74
70 73
73 70
70 62
62 70
82 69
69 82
52 70
70 52
50 88
88 50
90 61
61 90
70 61
61 70
82 87
87 82
92 69
69 92
96 62
62 96
52 74
74 52
79 80
80 79
77 71
71 77
74 91
91 74
63 98
98 63
58 88
88 58
73 96
96 73
59 72
72 59
88 68
68 88
83 50
50 83
63 77
77 63
97 71
71 97
56 50
50 56
78 56
56 78
95 99
99 95
55 77
77 55
69 55
55 69
63 59
59 63
89 90
90 89
82 50
50 82
62 81
81 62
87 85
85 87
91 57
57 91
63 77
77 63
78 61
61 78
90 75
75 90
70 64
64 70
82 64
64 82
61 69
69 61
68 92
92 68
78 94
94 78
93 86
86 93
99 56
56 99
58 86
86 58
72 63
63 72
61 69
69 61
92 59
59 92
71 54
54 71
76 59
59 76
91 70
70 91
58 93
93 58
51 77
77 51
69 64
64 69
99 68
68 99
53 78
78 53
71 82
82 71
59 55
55 59
65 60
60 65
50 63
63 50
82 63
63 82
68 80
80 68
60 98
98 60
63 84
84 63
54 97
97 54
69 76
76 69
53 84
84 53
61 97
97 61
83 84
84 83
73 89
89 73
54 51
51 54
50 65
65 50
66 58
58 66
66 71
71 66
81 98
98 81
72 79
79 72
58 80
80 58
90 78
78 90
98 99
99 98
53 98
98 53
60 74
74 60
99 72
72 99
84 99
99 84
69 76
76 69
52 60
60 52
52 53
53 52
84 85
85 84
71 92
92 71
90 71
71 90
67 74
74 67
88 56
56 88
64 61
61 64
60 95
95 60
53 71
71 53
83 84
84 83
64 79
79 64
87 89
89 87
66 54
54 66
90 76
76 90
73 79
79 73
56 81
81 56
93 97
97 93
58 74
74 58
97 92
92 97
84 90
90 84
79 65
65 79
87 55
55 87
52 71
71 52
58 96
96 58
95 56
56 95
96 83
83 96
76 80
80 76
58 61
61 58
99 71
71 99
61 88
88 61
90 62
62 90
56 69
69 56
62 88
88 62
74 87
87 74
77 80
80 77
70 67
67 70
77 60
60 77
64 62
62 64
96 98
98 96
50 63
63 50
64 59
59 64
52 80
80 52
98 84
84 98
90 64
64 90
56 59
59 56
71 78
78 71
74 75
75 74
98 69
69 98
68 80
80 68
77 69
69 77
76 90
90 76
90 89
89 90
53 84
84 53
78 99
99 78
69 51
51 69
88 50
50 88
92 77
77 92
75 74
74 75
91 71
71 91
81 83
83 81
81 61
61 81
68 87
87 68
83 71
71 83
90 78
78 90
67 62
62 67
80 61
61 80
80 68
68 80
90 74
74 90
97 72
72 97
96 70
70 96
69 68
68 69
64 83
83 64
53 70
70 53
51 88
88 51
57 76
76 57
85 89
89 85
93 75
75 93
52 78
78 52
62 57
57 62
52 64
64 52
60 84
84 60
68 77
77 68
70 51
51 70
75 55
55 75
52 97
97 52
50 52
52 50
81 94
94 81
82 72
72 82
69 81
81 69
62 58
58 62
98 76
76 98
92 72
72 92
83 94
94 83
79 82
82 79
59 89
89 59
86 92
92 86
62 56
56 62
64 65
65 64
64 50
50 64
54 56
56 54
98 50
50 98
51 66
66 51
85 77
77 85
98 77
77 98
78 74
74 78
72 90
90 72
67 66
66 67
92 50
50 92
58 50
50 58
86 55
55 86
64 75
75 64
57 68
68 57
70 53
53 70
92 91
91 92
66 58
58 66
82 63
63 82
56 62
62 56
92 77
77 92
95 80
80 95
57 59
59 57
72 78
78 72
94 83
83 94
69 53
53 69
72 77
77 72
79 62
62 79
93 76
76 93
64 53
53 64
61 55
55 61
77 72
72 77
51 63
63 51
78 61
61 78
80 99
99 80
67 70
70 67
95 94
94 95
99 94
94 99
52 80
80 52
58 69
69 58
85 87
87 85
89 63
63 89
93 77
77 93
52 75
75 52
69 99
99 69
99 50
50 99
93 52
52 93
54 60
60 54
62 78
78 62
66 52
52 66
85 76
76 85
79 73
73 79
67 63
63 67
61 70
70 61
72 57
57 72
63 89
89 63
69 52
52 69
54 75
75 54
76 98
98 76
78 61
61 78
58 71
71 58
97 82
82 97
77 90
90 77
56 75
75 56
99 92
92 99
50 79
79 50
89 66
66 89
59 61
61 59
78 56
56 78
60 99
99 60
90 76
76 90
