78 39
39 78
8 59
90 31
31 90
6 58
36 56
56 36
15 33
10 18
74 90
0 69
69 0
33 89
88 98
25 53
39 23
23 39
40 98
19 31
94 78
78 94
32 40
40 32
72 35
35 72
79 94
5 29
29 5
10 83
83 10
1 82
51 28
28 51
30 95
9 75
69 6
6 69
12 38
78 19
19 78
94 15
15 94
67 29
29 67
33 76
76 33
88 16
16 88
17 64
34 4
4 34
10 11
11 10
55 96
96 55
72 40
40 72
23 99
99 23
45 76
64 5
5 64
51 69
71 92
76 38
38 76
23 34
46 42
42 46
28 76
76 28
9 57
34 78
0 60
81 26
26 81
81 97
90 46
46 90
3 80
80 3
42 86
7 53
1 60
60 1
21 78
32 48
76 64
64 76
79 9
9 79
2 73
94 36
36 94
26 37
92 35
35 92
73 7
7 73
1 53
53 1
30 55
57 87
94 11
11 94
67 75
79 44
44 79
75 90
94 87
87 94
78 12
12 78
41 42
32 30
30 32
45 18
18 45
5 24
54 69
34 21
21 34
37 59
81 2
2 81
30 99
99 30
55 88
52 74
49 19
19 49
9 86
3 6
32 41
41 32
54 81
79 58
58 79
25 24
24 25
7 13
13 7
25 40
40 25
54 23
23 54
24 99
99 24
11 93
16 60
87 9
9 87
39 51
16 62
62 16
55 92
92 55
74 81
81 74
34 46
74 31
31 74
28 82
15 78
78 15
25 47
88 76
76 88
26 10
10 26
19 89
38 51
51 38
79 60
60 79
6 50
50 6
48 58
44 68
23 72
75 56
56 75
78 89
70 39
39 70
89 90
40 64
59 38
38 59
52 63
63 52
91 80
80 91
95 39
39 95
54 59
59 54
81 47
47 81
31 36
76 93
84 40
40 84
25 6
6 25
4 73
8 74
41 62
62 41
34 31
31 34
35 39
99 91
91 99
53 67
42 59
41 56
39 6
6 39
63 4
4 63
56 92
29 79
33 80
80 33
43 76
72 38
38 72
16 27
66 2
2 66
32 67
67 32
63 98
72 22
22 72
61 25
25 61
86 2
2 86
67 14
14 67
17 38
38 17
22 33
33 22
40 15
15 40
14 40
92 46
46 92
18 97
18 25
25 18
37 31
31 37
76 90
90 76
51 74
46 53
8 86
42 56
56 42
11 22
15 83
83 15
53 41
41 53
49 10
10 49
35 90
30 96
96 30
62 65
98 60
60 98
19 36
63 40
40 63
11 1
1 11
25 14
14 25
42 79
73 55
55 73
9 24
53 95
16 63
63 16
89 99
14 83
61 95
79 12
12 79
35 74
74 35
31 56
16 57
57 16
36 48
52 34
34 52
22 45
45 22
92 88
88 92
72 80
32 29
29 32
39 94
64 90
90 64
31 98
98 31
27 30
44 17
17 44
47 93
35 79
52 94
41 28
28 41
43 64
64 43
15 96
96 15
45 59
59 45
18 61
61 18
55 14
14 55
65 73
49 29
29 49
6 35
12 58
65 68
88 69
69 88
70 36
36 70
85 20
20 85
49 79
16 66
66 16
44 25
25 44
2 85
85 2
0 19
94 5
5 94
68 12
12 68
41 17
17 41
3 30
48 70
45 46
46 45
60 42
42 60
96 70
70 96
29 95
11 65
51 30
30 51
13 32
32 13
6 8
32 61
61 32
64 84
84 64
4 22
77 48
48 77
35 17
17 35
40 1
1 40
11 33
12 31
43 85
47 77
26 24
24 26
33 74
74 33
5 84
79 91
45 95
92 32
32 92
1 32
16 10
10 16
16 29
57 25
25 57
47 80
73 68
68 73
7 96
20 63
63 20
51 75
41 81
13 15
15 13
60 13
13 60
22 80
18 74
74 18
16 3
3 16
80 59
59 80
56 35
35 56
90 99
99 90
50 66
94 83
83 94
10 2
2 10
1 41
32 72
92 6
6 92
60 56
56 60
20 59
60 6
6 60
11 42
98 9
9 98
2 46
46 2
91 58
58 91
47 4
4 47
70 98
66 12
12 66
37 95
95 37
12 53
53 12
68 11
11 68
14 17
17 14
64 34
34 64
44 80
6 84
71 26
26 71
61 28
28 61
15 85
41 92
1 16
16 1
66 96
40 66
50 16
16 50
32 73
73 32
63 80
84 92
58 89
89 58
52 24
24 52
42 54
54 42
21 27
71 82
82 71
48 96
41 98
74 65
65 74
26 34
34 26
86 20
20 86
49 93
94 21
21 94
56 57
94 49
49 94
75 70
70 75
27 52
52 17
17 52
5 99
84 97
97 84
6 28
23 93
35 78
34 51
51 34
46 73
73 46
40 45
96 87
87 96
26 94
51 63
3 26
26 3
35 63
86 14
14 86
33 57
17 23
77 86
5 50
36 84
95 48
48 95
52 3
3 52
28 3
3 28
35 36
8 34
34 8
15 60
60 15
58 14
14 58
1 58
34 59
75 85
93 63
63 93
26 51
90 83
83 90
75 78
68 0
0 68
35 98
98 35
33 87
60 19
19 60
21 30
32 68
68 32
94 86
86 94
98 57
57 98
9 43
71 75
27 53
88 19
19 88
88 93
45 96
96 45
72 91
82 29
29 82
0 56
98 38
38 98
44 91
72 26
26 72
94 4
4 94
8 69
69 8
72 17
17 72
61 75
25 54
75 30
30 75
9 72
72 9
72 85
85 72
35 64
0 23
23 0
4 57
72 8
8 72
41 63
11 58
58 11
22 99
58 78
94 43
43 94
72 88
30 56
88 25
25 88
82 42
42 82
48 55
55 48
28 50
50 28
24 45
91 68
68 91
60 39
39 60
3 76
8 41
46 94
94 46
50 76
27 50
9 70
70 9
51 47
47 51
15 21
21 15
18 65
2 9
44 76
76 44
28 40
40 28
84 63
63 84
54 72
83 84
13 83
22 74
74 22
88 20
20 88
2 11
16 77
77 16
14 61
61 14
81 86
86 81
69 25
25 69
16 33
37 36
36 37
9 85
51 56
70 62
62 70
2 51
97 68
68 97
10 95
95 10
53 74
89 68
68 89
6 24
9 56
29 12
12 29
26 20
20 26
43 18
18 43
14 59
59 14
38 80
71 38
38 71
44 73
73 44
88 38
38 88
19 41
41 19
41 99
99 41
35 30
30 35
88 90
22 71
77 84
84 90
90 84
13 8
8 13
62 0
0 62
73 92
92 73
18 86
96 38
38 96
21 48
14 89
34 27
27 34
65 17
17 65
86 17
17 86
23 94
94 23
82 35
35 82
61 76
41 75
75 41
75 97
82 75
75 82
40 46
27 88
88 27
62 44
44 62
42 88
97 37
37 97
25 97
97 25
2 38
47 85
85 47
5 66
24 27
27 24
14 33
16 48
48 16
35 19
19 35
11 84
5 76
2 3
3 2
51 9
9 51
37 64
64 37
20 73
73 20
61 82
82 61
11 23
61 19
19 61
5 74
78 55
55 78
55 76
14 81
35 12
12 35
94 70
70 94
78 84
36 74
74 36
56 1
1 56
63 58
58 63
40 81
1 35
6 44
44 6
49 34
34 49
5 78
68 24
24 68
44 67
67 44
55 83
76 10
10 76
18 48
48 18
34 82
2 74
43 67
67 43
18 37
16 25
25 16
59 50
50 59
4 54
87 68
68 87
10 90
12 52
16 83
31 16
16 31
5 31
31 5
54 32
32 54
23 52
52 23
66 9
9 66
72 44
44 72
92 21
21 92
48 15
15 48
8 30
90 65
65 90
47 61
61 47
8 88
71 46
46 71
39 1
1 39
63 75
75 63
36 87
15 93
0 93
32 3
3 32
15 82
82 15
37 3
3 37
48 37
37 48
7 63
81 77
77 81
27 80
57 31
31 57
13 14
78 70
70 78
89 95
86 96
88 29
29 88
87 67
67 87
61 73
14 65
65 14
54 97
97 54
2 30
14 82
78 74
74 78
60 86
86 60
44 24
24 44
93 32
32 93
98 50
50 98
24 51
51 24
7 23
23 7
64 62
62 64
17 91
32 28
28 32
78 63
63 78
54 41
41 54
52 72
3 12
43 68
85 82
82 85
24 67
63 72
72 63
24 60
60 24
8 22
22 8
7 84
84 7
2 79
79 2
82 89
78 83
83 78
2 94
94 2
62 80
80 62
42 96
96 42
9 67
43 15
15 43
3 90
95 47
47 95
77 70
70 77
15 90
48 13
13 48
53 99
3 53
53 3
4 98
54 58
54 91
91 54
43 74
84 32
32 84
4 86
36 85
51 95
97 87
87 97
44 86
17 70
2 13
12 45
92 61
61 92
24 57
0 12
43 56
49 86
0 77
17 48
71 85
85 71
10 36
71 53
53 71
52 14
14 52
58 64
64 58
44 77
77 44
0 67
33 46
17 79
66 94
94 66
42 63
63 42
90 0
0 90
9 13
13 22
22 13
34 20
20 34
8 89
89 8
29 54
85 99
99 85
77 79
12 26
26 12
4 37
37 4
3 55
60 44
44 60
82 54
54 82
59 68
9 59
62 35
35 62
88 77
77 88
81 92
97 67
67 97
96 82
82 96
27 57
53 2
2 53
31 82
57 7
7 57
40 59
80 50
50 80
17 82
58 74
41 23
23 41
19 15
15 19
6 94
6 32
88 40
40 88
37 93
93 37
16 92
73 24
24 73
1 99
11 83
55 60
60 55
5 98
98 5
37 72
64 27
27 64
77 92
92 77
43 72
13 53
49 30
30 49
80 83
1 86
86 1
31 89
89 31
50 55
49 63
71 59
59 71
13 75
23 65
55 40
40 55
15 44
41 60
60 41
60 10
10 60
81 23
23 81
11 19
91 46
46 91
2 15
34 30
30 34
9 30
36 54
54 36
58 88
88 58
1 96
48 40
40 48
65 3
3 65
37 41
31 44
20 69
69 20
49 85
85 49
12 60
63 96
2 80
86 32
32 86
66 73
73 66
94 35
35 94
9 48
13 68
68 13
14 57
57 14
45 75
75 45
94 98
98 94
38 42
42 38
18 81
54 52
52 54
92 96
1 34
34 1
28 46
78 6
6 78
1 15
21 87
4 49
49 4
90 77
77 90
19 23
28 34
34 28
35 43
35 51
51 35
4 62
63 3
3 63
31 65
65 31
83 87
25 99
22 93
93 22
34 76
21 35
66 65
65 66
69 23
23 69
32 25
25 32
9 28
8 68
42 70
59 32
32 59
86 40
40 86
37 91
91 37
77 38
38 77
15 77
35 96
96 35
23 21
21 23
18 49
35 81
81 35
24 93
54 73
73 54
19 63
35 93
16 56
9 38
38 9
25 58
20 22
22 20
15 92
59 97
97 59
71 14
14 71
82 36
36 82
34 98
0 10
83 56
56 83
76 7
7 76
39 88
31 60
60 31
63 87
52 47
47 52
53 78
24 72
8 43
27 59
71 33
33 71
16 7
7 16
22 92
92 22
22 25
67 15
15 67
37 47
47 37
4 93
93 4
1 88
5 90
10 48
48 10
84 49
49 84
22 79
89 39
39 89
12 71
71 12
13 58
85 17
17 85
35 47
13 87
87 13
17 56
66 92
92 66
17 33
33 17
1 54
54 1
51 60
33 98
98 33
91 18
18 91
8 28
26 29
29 26
36 13
13 36
35 23
23 35
1 33
19 52
46 85
31 43
17 87
87 17
67 6
6 67
45 58
59 11
11 59
66 30
30 66
68 84
74 75
84 44
44 84
26 33
33 26
97 73
73 97
21 31
6 30
30 6
20 52
84 98
98 84
79 92
33 92
95 87
87 95
20 68
55 39
39 55
1 37
13 91
52 58
10 56
56 10
35 22
22 35
5 37
98 85
85 98
40 76
29 41
41 29
68 79
25 84
84 25
24 28
33 73
73 33
11 64
64 11
23 61
95 65
65 95
93 13
13 93
27 99
64 22
22 64
46 69
69 46
3 38
38 3
41 49
65 45
45 65
30 48
49 92
70 69
69 70
8 76
55 17
17 55
2 36
36 2
78 64
64 78
11 90
80 31
31 80
90 39
39 90
3 83
32 95
18 54
61 70
94 73
73 94
96 50
50 96
12 24
30 68
68 30
17 67
67 17
63 92
45 93
93 45
60 61
61 60
58 90
47 36
36 47
50 81
89 79
79 89
7 10
65 43
43 65
14 73
92 31
31 92
58 80
30 82
82 30
30 42
70 80
77 36
36 77
43 48
21 20
20 21
51 96
96 51
25 30
30 25
34 90
97 92
92 97
8 61
61 8
23 58
58 23
12 70
24 43
43 24
1 14
93 51
51 93
34 74
8 90
90 8
26 39
49 97
97 49
12 73
73 12
94 90
90 94
45 84
37 32
32 37
33 85
85 33
94 61
61 94
18 20
2 26
92 93
93 92
10 65
12 67
67 12
28 95
57 90
79 19
19 79
55 23
23 55
42 95
95 42
9 92
36 41
4 96
96 4
19 32
62 74
25 48
48 25
75 2
2 75
63 68
77 22
22 77
93 65
65 93
6 14
14 63
11 77
8 19
19 8
56 84
16 8
8 16
17 50
50 17
21 70
70 21
28 56
11 73
62 67
67 62
51 92
59 36
36 59
0 95
25 73
13 81
81 13
11 41
69 29
29 69
38 40
40 38
39 4
4 39
19 86
26 83
45 4
4 45
72 34
34 72
52 65
6 21
21 6
79 81
65 4
4 65
37 44
14 50
22 90
95 46
46 95
81 64
64 81
98 48
48 98
9 61
61 9
50 95
95 50
4 85
82 90
95 7
7 95
73 45
45 73
34 81
41 2
2 41
64 72
93 19
19 93
33 79
55 71
20 40
14 87
87 14
72 14
14 72
15 61
10 37
49 7
7 49
23 75
75 23
46 57
22 18
18 22
1 91
91 1
49 65
65 49
48 26
26 48
15 50
87 26
26 87
60 29
29 60
50 82
82 50
9 49
35 28
28 35
56 5
5 56
3 81
49 59
59 49
18 56
42 84
84 42
25 78
78 25
62 78
78 62
25 80
56 47
47 56
36 81
28 66
13 45
