25 34
34 25
17 45
45 17
9 3
3 9
28 43
43 28
33 20
20 33
16 6
6 16
10 45
45 10
9 17
17 9
20 18
18 20
16 8
8 16
25 44
44 25
16 17
17 16
44 39
39 44
47 19
19 47
16 8
8 16
6 28
28 6
49 34
34 49
13 27
27 13
14 1
1 14
10 19
19 10
29 4
4 29
0 24
24 0
4 42
42 4
14 8
8 14
28 27
27 28
5 23
23 5
5 20
20 5
32 17
17 32
43 23
23 43
15 23
23 15
35 40
40 35
12 35
35 12
32 42
42 32
32 46
46 32
1 37
37 1
13 22
22 13
29 43
43 29
4 22
22 4
10 3
3 10
22 9
9 22
26 25
25 26
5 16
16 5
0 19
19 0
36 30
30 36
2 28
28 2
24 18
18 24
49 47
47 49
1 35
35 1
27 44
44 27
43 36
36 43
19 21
21 19
25 17
17 25
20 0
0 20
32 25
25 32
47 11
11 47
45 37
37 45
45 44
44 45
44 6
6 44
27 46
46 27
38 2
2 38
13 47
47 13
48 0
0 48
7 17
17 7
42 41
41 42
40 9
9 40
7 0
0 7
7 23
23 7
17 1
1 17
11 35
35 11
28 27
27 28
11 36
36 11
3 36
36 3
14 22
22 14
47 29
29 47
43 29
29 43
45 19
19 45
45 29
29 45
8 28
28 8
49 32
32 49
43 10
10 43
1 43
43 1
0 33
33 0
11 49
49 11
8 12
12 8
37 48
48 37
24 42
42 24
34 30
30 34
18 34
34 18
3 32
32 3
31 22
22 31
27 43
43 27
0 36
36 0
26 42
42 26
3 41
41 3
36 43
43 36
36 19
19 36
26 43
43 26
11 35
35 11
12 42
42 12
11 0
0 11
19 0
0 19
37 22
22 37
18 21
21 18
26 46
46 26
32 30
30 32
38 17
17 38
8 24
24 8
0 25
25 0
14 1
1 14
5 21
21 5
9 3
3 9
11 34
34 11
44 16
16 44
28 11
11 28
13 3
3 13
34 17
17 34
24 44
44 24
49 1
1 49
26 29
29 26
14 41
41 14
9 26
26 9
27 1
1 27
38 42
42 38
17 14
14 17
21 40
40 21
29 31
31 29
28 11
11 28
43 41
41 43
42 15
15 42
19 22
22 19
18 32
32 18
17 35
35 17
2 40
40 2
45 49
49 45
16 22
22 16
16 12
12 16
11 18
18 11
23 8
8 23
34 14
14 34
4 29
29 4
2 23
23 2
42 18
18 42
25 16
16 25
23 48
48 23
11 13
13 11
45 1
1 45
18 9
9 18
40 39
39 40
21 3
3 21
28 22
22 28
37 40
40 37
12 26
26 12
27 7
7 27
48 23
23 48
15 48
48 15
21 17
17 21
37 42
42 37
7 47
47 7
32 1
1 32
28 15
15 28
34 28
28 34
13 18
18 13
21 26
26 21
25 12
12 25
33 27
27 33
22 10
10 22
2 48
48 2
25 35
35 25
44 43
43 44
26 10
10 26
10 9
9 10
41 6
6 41
43 35
35 43
27 1
1 27
45 32
32 45
33 39
39 33
35 10
10 35
46 23
23 46
26 9
9 26
48 49
49 48
17 37
37 17
31 24
24 31
17 30
30 17
21 43
43 21
48 25
25 48
18 10
10 18
23 0
0 23
32 14
14 32
42 32
32 42
16 17
17 16
13 48
48 13
39 17
17 39
8 35
35 8
26 9
9 26
38 32
32 38
42 45
45 42
12 43
43 12
7 22
22 7
21 18
18 21
43 39
39 43
8 4
4 8
25 35
35 25
49 16
16 49
34 33
33 34
15 11
11 15
12 7
7 12
42 22
22 42
23 9
9 23
15 9
9 15
37 21
21 37
16 42
42 16
43 36
36 43
25 34
34 25
39 0
0 39
38 5
5 38
4 23
23 4
0 40
40 0
18 3
3 18
17 13
13 17
23 33
33 23
34 39
39 34
45 5
5 45
12 10
10 12
9 15
15 9
34 30
30 34
28 13
13 28
13 32
32 13
18 42
42 18
45 34
34 45
35 17
17 35
38 4
4 38
8 48
48 8
38 17
17 38
45 47
47 45
40 0
0 40
18 2
2 18
32 47
47 32
7 12
12 7
23 9
9 23
17 42
42 17
28 10
10 28
16 45
45 16
30 38
38 30
7 24
24 7
43 39
39 43
8 20
20 8
9 38
38 9
22 2
2 22
18 19
19 18
27 18
18 27
38 6
6 38
36 3
3 36
32 3
3 32
1 21
21 1
46 7
7 46
19 11
11 19
49 2
2 49
30 9
9 30
0 32
32 0
10 32
32 10
46 29
29 46
46 32
32 46
47 32
32 47
47 33
33 47
37 10
10 37
46 49
49 46
11 49
49 11
48 25
25 48
8 17
17 8
39 3
3 39
2 47
47 2
1 44
44 1
23 31
31 23
22 15
15 22
17 32
32 17
10 5
5 10
32 27
27 32
45 14
14 45
47 31
31 47
49 27
27 49
5 46
46 5
37 7
7 37
42 12
12 42
1 16
16 1
3 48
48 3
8 6
6 8
15 28
28 15
28 49
49 28
3 11
11 3
35 38
38 35
43 27
27 43
41 42
42 41
49 30
30 49
43 6
6 43
9 11
11 9
36 13
13 36
3 43
43 3
10 23
23 10
34 48
48 34
34 31
31 34
28 38
38 28
16 9
9 16
3 19
19 3
10 7
7 10
0 7
7 0
16 23
23 16
35 18
18 35
8 16
16 8
38 25
25 38
46 22
22 46
36 46
46 36
21 8
8 21
24 1
1 24
48 21
21 48
24 8
8 24
49 23
23 49
7 28
28 7
35 0
0 35
8 12
12 8
3 24
24 3
22 11
11 22
15 2
2 15
2 27
27 2
2 20
20 2
4 27
27 4
27 16
16 27
15 40
40 15
5 35
35 5
20 6
6 20
26 7
7 26
28 4
4 28
16 39
39 16
39 46
46 39
12 35
35 12
7 22
22 7
40 9
9 40
10 45
45 10
2 31
31 2
49 13
13 49
4 20
20 4
17 49
49 17
4 35
35 4
20 47
47 20
6 22
22 6
47 25
25 47
12 0
0 12
20 40
40 20
18 27
27 18
21 35
35 21
28 13
13 28
20 15
15 20
42 1
1 42
8 28
28 8
14 36
36 14
22 19
19 22
22 16
16 22
19 43
43 19
46 21
21 46
12 48
48 12
8 12
12 8
12 45
45 12
31 48
48 31
1 38
38 1
37 5
5 37
47 31
31 47
21 29
29 21
31 16
16 31
12 47
47 12
36 46
46 36
27 0
0 27
12 43
43 12
17 6
6 17
46 40
40 46
28 10
10 28
17 36
36 17
10 47
47 10
4 20
20 4
40 10
10 40
39 43
43 39
18 40
40 18
14 45
45 14
4 49
49 4
16 25
25 16
20 42
42 20
6 28
28 6
9 4
4 9
27 12
12 27
12 37
37 12
17 6
6 17
17 19
19 17
2 16
16 2
0 37
37 0
43 11
11 43
0 17
17 0
1 0
0 1
14 40
40 14
23 48
48 23
10 1
1 10
15 41
41 15
9 19
19 9
41 36
36 41
19 39
39 19
48 41
41 48
29 26
26 29
27 14
14 27
2 28
28 2
35 1
1 35
12 18
18 12
36 43
43 36
15 4
4 15
24 30
30 24
36 11
11 36
18 15
15 18
10 38
38 10
20 1
1 20
4 10
10 4
29 41
41 29
47 10
10 47
27 4
4 27
47 48
48 47
40 48
48 40
47 22
22 47
46 39
39 46
35 48
48 35
35 3
3 35
38 30
30 38
11 31
31 11
12 41
41 12
40 49
49 40
49 27
27 49
0 8
8 0
39 25
25 39
13 7
7 13
29 16
16 29
24 40
40 24
18 3
3 18
31 36
36 31
3 14
14 3
8 28
28 8
35 29
29 35
46 3
3 46
17 35
35 17
10 46
46 10
29 40
40 29
31 17
17 31
5 28
28 5
37 10
10 37
32 3
3 32
15 17
17 15
16 18
18 16
11 33
33 11
14 35
35 14
25 4
4 25
39 2
2 39
35 14
14 35
19 13
13 19
16 0
0 16
21 48
48 21
28 31
31 28
26 35
35 26
26 21
21 26
20 11
11 20
27 7
7 27
18 1
1 18
2 14
14 2
7 29
29 7
21 27
27 21
39 25
25 39
12 37
37 12
32 9
9 32
7 29
29 7
15 27
27 15
24 48
48 24
49 1
1 49
42 4
4 42
23 38
38 23
36 23
23 36
31 39
39 31
10 43
43 10
1 30
30 1
49 45
45 49
32 36
36 32
14 22
22 14
46 31
31 46
23 3
3 23
3 4
4 3
20 12
12 20
15 46
46 15
2 35
35 2
14 25
25 14
47 11
11 47
21 49
49 21
42 19
19 42
4 2
2 4
23 8
8 23
20 39
39 20
44 29
29 44
7 36
36 7
39 11
11 39
6 43
43 6
37 12
12 37
41 7
7 41
46 36
36 46
12 7
7 12
38 2
2 38
33 5
5 33
30 25
25 30
5 6
6 5
15 21
21 15
2 34
34 2
44 31
31 44
22 8
8 22
11 40
40 11
29 18
18 29
16 46
46 16
24 3
3 24
12 20
20 12
46 48
48 46
6 30
30 6
9 11
11 9
10 41
41 10
22 43
43 22
34 42
42 34
17 24
24 17
12 43
43 12
12 26
26 12
47 31
31 47
1 34
34 1
6 9
9 6
35 20
20 35
1 37
37 1
38 10
10 38
21 3
3 21
8 3
3 8
21 35
35 21
38 19
19 38
41 35
35 41
13 24
24 13
26 3
3 26
39 37
37 39
32 9
9 32
22 25
25 22
48 25
25 48
7 10
10 7
0 45
45 0
47 43
43 47
26 24
24 26
43 16
16 43
42 11
11 42
23 15
15 23
47 30
30 47
13 6
6 13
10 15
15 10
2 31
31 2
49 25
25 49
3 8
8 3
2 20
20 2
20 14
14 20
29 39
39 29
42 47
47 42
23 7
7 23
17 37
37 17
4 3
3 4
38 39
39 38
27 48
48 27
32 38
38 32
10 25
25 10
41 21
21 41
43 33
33 43
5 31
31 5
29 15
15 29
20 43
43 20
49 2
2 49
38 10
10 38
13 42
42 13
48 43
43 48
14 16
16 14
6 40
40 6
1 24
24 1
17 1
1 17
33 4
4 33
9 35
35 9
48 9
9 48
5 28
28 5
44 42
42 44
38 0
0 38
27 21
21 27
27 2
2 27
18 37
37 18
1 9
9 1
32 41
41 32
8 41
41 8
30 18
18 30
49 10
10 49
39 49
49 39
44 9
9 44
12 41
41 12
4 17
17 4
14 43
43 14
24 1
1 24
13 43
43 13
44 30
30 44
5 3
3 5
11 19
19 11
39 6
6 39
12 30
30 12
22 13
13 22
9 11
11 9
31 20
20 31
47 48
48 47
0 2
2 0
9 25
25 9
31 21
21 31
17 34
34 17
26 46
46 26
46 38
38 46
2 31
31 2
45 15
15 45
21 3
3 21
7 45
45 7
32 47
47 32
11 30
30 11
2 32
32 2
47 44
44 47
37 12
12 37
32 25
25 32
6 7
7 6
36 28
28 36
21 9
9 21
43 31
31 43
15 43
43 15
5 13
13 5
14 13
13 14
7 35
35 7
10 9
9 10
31 16
16 31
40 47
47 40
25 47
47 25
49 40
40 49
46 21
21 46
29 4
4 29
45 36
36 45
26 33
33 26
7 13
13 7
4 1
1 4
35 9
9 35
31 36
36 31
34 48
48 34
24 25
25 24
47 15
15 47
6 37
37 6
27 5
5 27
11 6
6 11
15 43
43 15
3 10
10 3
36 7
7 36
28 27
27 28
4 2
2 4
47 42
42 47
30 7
7 30
8 37
37 8
39 46
46 39
12 9
9 12
48 36
36 48
21 13
13 21
42 47
47 42
16 6
6 16
21 42
42 21
24 18
18 24
42 49
49 42
25 47
47 25
3 38
38 3
16 22
22 16
31 48
48 31
26 33
33 26
3 21
21 3
36 48
48 36
43 22
22 43
12 30
30 12
8 30
30 8
26 34
34 26
7 23
23 7
19 45
45 19
1 23
23 1
4 40
40 4
11 24
24 11
14 2
2 14
25 47
47 25
14 32
32 14
32 2
2 32
29 9
9 29
9 1
1 9
14 34
34 14
32 49
49 32
20 15
15 20
22 35
35 22
42 11
11 42
22 38
38 22
48 3
3 48
21 34
34 21
34 35
35 34
27 1
1 27
49 6
6 49
28 0
0 28
3 25
25 3
20 43
43 20
6 44
44 6
27 11
11 27
6 13
13 6
15 44
44 15
11 29
29 11
25 6
6 25
37 11
11 37
14 16
16 14
40 35
35 40
45 11
11 45
48 22
22 48
11 27
27 11
27 3
3 27
33 7
7 33
36 43
43 36
5 14
14 5
24 25
25 24
34 11
11 34
1 7
7 1
36 45
45 36
6 10
10 6
45 5
5 45
44 24
24 44
19 28
28 19
36 3
3 36
29 17
17 29
14 37
37 14
31 5
5 31
7 44
44 7
44 47
47 44
11 33
33 11
35 37
37 35
34 18
18 34
25 4
4 25
68 12
60 5
53 5
70 29
78 27
69 39
77 35
59 12
73 19
79 18
67 27
59 6
78 17
74 1
72 36
83 20
62 32
77 27
51 24
99 21
71 21
93 8
81 36
59 39
85 19
79 30
81 18
94 43
73 12
84 42
84 31
97 47
92 1
92 40
97 5
69 8
51 23
75 22
55 40
69 46
78 39
76 7
74 18
57 3
93 44
90 42
57 26
72 14
73 27
81 4
71 10
51 21
61 22
87 16
98 15
82 31
90 38
99 40
88 45
61 14
91 20
78 17
54 5
95 41
75 12
92 42
62 11
85 31
88 35
60 11
79 19
71 7
53 38
69 30
65 6
95 31
74 2
89 6
89 29
59 39
61 9
62 15
94 44
82 28
77 17
52 12
64 1
78 18
66 13
98 14
60 49
74 8
74 46
82 5
68 10
59 39
75 26
75 34
86 32
86 35
52 0
86 15
57 25
83 16
80 41
52 45
65 30
51 42
81 23
81 0
72 41
89 32
83 24
92 26
65 28
93 12
86 36
64 20
57 23
76 35
56 21
86 37
72 35
98 28
72 10
52 29
73 29
99 16
66 23
64 37
58 49
87 13
74 25
94 39
70 36
72 13
55 45
56 5
95 34
74 29
97 30
91 17
61 47
84 29
98 39
56 37
77 23
52 30
84 30
96 19
75 14
98 16
59 34
70 31
83 35
75 12
69 49
53 29
97 35
81 18
79 49
69 38
73 47
99 22
81 43
96 36
85 45
56 13
91 31
76 38
57 4
72 48
75 4
66 35
98 16
98 17
70 35
89 23
76 44
69 36
87 37
62 48
99 10
91 37
59 40
78 33
99 39
62 36
62 13
59 25
62 7
96 21
88 9
79 30
69 41
67 28
58 10
67 48
67 23
70 6
88 16
99 30
76 20
51 39
82 8
50 32
57 46
59 34
88 47
70 30
62 42
85 4
78 32
95 8
51 40
83 2
93 36
61 10
80 39
58 23
85 46
99 37
82 31
85 49
80 47
59 13
92 23
62 13
76 24
86 37
88 17
91 14
91 40
95 22
67 12
69 46
60 37
93 16
56 24
88 11
72 41
69 36
60 37
97 27
66 25
68 26
71 0
72 48
79 13
77 27
92 44
91 21
50 15
59 47
98 5
82 49
60 11
50 21
77 25
92 26
67 11
94 39
73 5
85 20
89 38
61 35
83 27
65 7
56 29
50 0
75 6
56 45
95 18
56 8
65 33
52 20
94 27
86 15
81 42
97 14
75 22
66 16
73 5
69 0
85 30
53 1
73 43
75 0
96 9
98 3
80 27
58 20
74 28
65 45
79 11
50 26
62 41
62 0
79 27
67 31
94 14
64 9
92 38
71 0
83 36
84 26
84 41
54 6
88 49
51 18
69 9
55 39
55 32
84 5
52 10
91 41
89 18
98 47
87 36
95 16
87 39
56 28
97 6
57 12
85 10
72 22
76 16
68 2
76 14
59 23
75 14
50 25
72 15
93 24
94 37
72 17
95 3
55 34
69 3
88 15
92 43
89 34
65 29
51 11
51 44
65 4
80 4
69 5
81 37
68 31
63 26
99 38
77 28
67 16
84 43
64 37
98 0
97 1
99 48
98 18
80 17
92 42
66 40
55 20
59 20
80 34
55 8
89 20
68 21
78 26
80 36
62 49
81 9
99 43
55 4
95 15
51 37
78 31
71 12
56 37
87 48
68 15
52 38
65 5
65 47
82 40
87 5
59 2
90 37
84 5
97 41
78 7
79 26
61 25
72 25
67 5
53 7
66 41
92 29
72 1
95 37
85 20
88 13
81 48
77 24
86 3
63 10
52 26
89 34
90 45
88 27
79 45
81 1
51 21
67 13
84 49
63 49
64 42
76 26
51 4
63 15
78 38
56 4
98 15
50 44
87 18
75 43
78 28
62 23
83 15
72 20
65 29
71 49
93 48
99 24
58 37
89 21
59 29
67 37
59 22
57 47
56 14
87 39
64 28
78 8
95 35
67 37
90 11
70 46
87 10
86 13
58 32
93 9
81 45
74 47
62 4
53 42
68 24
98 13
96 46
90 4
81 10
66 15
71 37
75 42
93 13
84 1
85 45
86 37
91 18
64 49
88 47
68 18
67 36
86 41
92 20
92 23
80 48
83 13
67 32
88 24
90 26
96 12
68 10
99 2
92 21
58 48
74 7
85 32
67 18
92 25
50 40
80 41
66 28
62 2
52 48
50 35
56 32
64 39
78 5
89 25
51 20
85 32
98 31
74 45
73 26
58 9
65 47
55 11
98 14
98 47
83 4
88 32
76 25
90 45
58 18
57 8
74 36
77 17
54 29
55 17
60 15
66 0
73 24
67 24
61 13
68 24
63 49
65 27
62 35
50 18
99 22
73 19
68 11
71 0
64 3
51 19
72 13
86 45
82 19
77 25
85 30
84 3
91 22
61 38
97 16
71 7
75 7
59 40
70 18
78 7
78 34
77 10
57 0
88 39
63 33
55 17
57 5
75 39
53 25
91 41
57 4
67 20
62 12
54 11
60 9
79 18
54 18
84 14
82 18
54 19
66 38
78 7
77 26
56 7
51 44
64 10
68 3
87 13
52 3
54 44
75 48
93 9
87 29
85 43
61 38
61 7
90 32
73 42
71 40
62 9
81 49
54 19
74 24
71 36
52 9
96 1
99 8
68 36
60 17
75 19
54 22
82 43
58 12
68 21
53 49
91 46
53 39
51 28
62 46
67 9
81 47
60 31
96 43
99 17
56 47
68 10
54 31
61 4
66 24
74 16
91 43
79 40
55 30
83 45
97 16
76 42
92 10
85 0
63 19
75 49
86 34
73 41
92 8
65 29
60 32
56 30
85 21
99 26
92 28
84 0
77 11
57 2
92 48
81 28
61 3
95 12
59 16
52 25
91 43
86 19
98 11
67 15
96 42
76 8
73 25
88 40
60 28
52 31
90 12
55 36
86 16
82 42
51 24
52 48
81 8
63 19
69 31
84 13
81 10
58 13
71 37
75 43
73 31
50 17
62 19
99 48
82 16
90 8
74 32
72 1
76 2
68 39
54 22
74 18
55 9
93 28
81 2
70 44
77 39
66 30
91 1
91 19
72 23
74 20
78 49
80 39
65 29
52 48
77 45
99 15
99 19
89 20
55 16
83 35
79 11
96 19
96 47
96 22
99 43
90 8
96 19
70 44
96 8
58 13
99 3
72 7
68 43
83 4
65 29
97 23
68 2
66 43
57 40
71 2
53 8
57 22
80 0
77 22
69 7
91 26
72 28
74 8
71 10
58 6
93 49
94 26
78 20
72 1
99 1
70 18
76 42
96 20
89 36
78 35
52 34
55 6
51 25
51 19
77 42
94 44
63 47
54 2
50 12
70 10
51 38
79 16
78 12
60 7
63 33
84 45
75 11
74 46
69 20
91 4
92 34
72 3
83 2
78 28
93 8
87 25
84 15
75 34
66 25
62 19
93 18
81 14
61 19
67 19
80 34
87 20
99 33
95 33
92 16
71 4
71 21
84 29
85 24
59 46
77 35
71 9
97 34
98 48
66 42
95 32
67 24
84 10
78 38
72 5
97 43
93 7
98 48
62 40
97 28
96 39
87 11
75 29
64 12
79 11
72 5
58 49
73 3
82 9
91 8
86 31
80 1
64 43
96 5
98 16
84 45
61 15
54 41
88 20
97 23
74 49
76 39
93 48
82 3
89 45
83 38
62 42
67 28
95 22
73 18
87 43
79 29
74 3
84 20
82 4
73 12
92 21
94 45
60 26
71 28
85 30
90 15
77 25
76 38
60 12
76 14
81 11
64 3
55 2
77 6
58 26
56 6
97 34
67 11
89 4
98 9
50 23
91 0
63 38
55 42
59 10
72 36
74 31
68 42
69 39
79 24
78 41
63 10
99 23
61 24
92 49
89 9
50 33
85 9
90 28
87 18
52 22
99 7
99 1
78 6
52 47
80 34
81 5
90 0
61 6
79 12
51 29
53 28
61 49
54 39
80 33
72 16
77 17
53 36
58 20
61 4
55 23
72 48
84 25
86 23
52 33
69 35
53 28
77 43
75 26
58 16
72 14
81 37
61 15
97 15
79 15
94 4
81 3
53 49
98 6
60 0
87 23
77 48
59 42
77 21
63 20
63 10
96 6
86 2
73 20
92 0
71 18
65 45
85 39
98 19
60 21
67 35
86 40
70 38
95 23
90 15
97 39
60 31
77 17
56 3
97 22
94 49
57 5
73 15
85 2
74 26
75 12
68 16
55 24
58 28
71 30
60 41
71 34
63 35
79 46
52 20
98 47
71 9
53 22
99 48
87 6
88 21
86 5
94 3
72 47
78 38
53 47
98 30
78 42
79 3
55 30
80 4
64 5
56 41
89 13
94 23
64 28
66 16
71 26
95 4
79 21
80 46
84 38
68 49
59 8
61 44
66 12
96 26
93 29
68 5
84 35
79 16
77 30
98 28
65 14
92 4
66 41
70 38
93 48
52 7
54 40
84 33
94 11
82 49
68 45
93 26
67 41
53 15
81 36
62 20
99 14
78 39
50 42
90 32
90 44
72 18
80 33
80 40
89 22
80 42
85 48
63 12
86 1
78 13
57 11
83 11
64 26
74 8
68 34
54 31
96 17
50 7
91 22
72 23
98 40
73 27
52 39
94 22
88 4
86 12
95 22
61 15
55 6
59 37
83 2
64 22
56 32
56 23
81 2
50 49
68 36
75 35
77 22
50 44
61 26
64 39
64 40
62 33
72 17
86 39
63 37
80 48
64 11
78 25
82 44
88 14
77 40
63 46
83 7
54 28
94 13
77 2
55 41
79 46
77 42
64 6
88 42
67 23
55 12
60 41
74 39
55 43
92 44
84 20
93 0
64 13
62 47
51 35
92 5
79 39
91 25
95 9
79 36
51 26
94 37
81 29
78 32
65 37
72 36
92 6
78 17
85 42
51 31
50 16
71 46
58 41
91 32
91 47
65 5
82 18
74 16
91 29
81 34
82 24
56 8
91 5
56 20
60 33
91 18
95 37
50 19
72 47
52 46
72 29
53 14
92 30
89 6
80 26
58 49
77 38
74 39
65 23
50 46
66 6
81 8
74 42
97 14
73 14
85 32
73 39
63 12
53 46
92 38
94 35
95 37
85 12
73 11
51 36
78 19
53 13
93 38
79 43
99 49
62 26
60 44
97 14
58 27
93 33
56 16
52 46
51 25
71 27
68 9
72 9
60 26
78 30
96 31
95 16
73 18
95 19
70 46
99 22
88 15
83 33
99 15
65 40
84 39
66 40
69 24
65 48
82 22
94 46
95 18
60 20
74 18
82 7
93 32
91 37
85 3
52 20
77 31
64 24
62 45
58 11
58 10
77 42
56 6
78 44
69 39
59 44
64 10
56 14
96 14
93 9
53 34
63 28
72 6
93 43
62 33
92 46
68 43
63 17
89 4
68 27
75 36
73 41
92 17
89 11
51 6
70 30
53 29
83 29
58 42
81 20
64 12
89 26
85 46
61 21
54 0
82 23
75 44
91 20
59 41
95 1
74 45
98 23
99 15
75 18
95 2
89 31
77 11
78 11
83 45
50 33
80 19
61 24
91 38
61 37
96 22
55 21
86 40
75 36
59 34
56 9
71 0
71 1
86 46
57 47
58 17
68 2
87 40
66 5
84 16
56 3
58 6
82 5
91 10
68 29
72 24
59 35
74 1
68 12
78 36
86 7
62 41
86 26
75 2
93 25
80 40
97 21
96 28
85 3
80 32
58 19
52 23
83 1
88 6
98 24
84 23
79 10
86 46
86 44
68 24
64 10
66 25
53 11
68 15
80 48
66 37
75 44
94 45
81 18
72 2
70 9
91 36
72 32
52 30
74 42
65 0
71 41
68 36
56 13
57 41
87 43
74 44
96 4
64 46
56 43
79 20
52 42
60 5
98 49
50 9
52 39
86 2
83 47
54 3
90 23
84 25
78 46
94 13
56 35
87 0
94 34
85 7
85 23
55 24
55 15
60 41
90 4
93 8
95 45
59 17
71 16
61 41
90 2
95 14
88 15
88 27
89 17
75 15
95 24
92 9
81 9
54 16
84 44
74 24
77 32
78 6
54 31
77 43
82 0
54 20
56 22
71 0
85 45
52 45
75 8
76 0
59 2
76 44
77 36
90 27
94 17
83 34
64 21
67 0
50 21
96 3
79 15
75 36
65 46
63 5
95 23
59 18
89 3
79 29
73 2
62 35
57 29
89 29
53 38
77 31
90 45
67 40
70 29
73 36
70 33
88 47
90 32
54 34
50 37
54 27
59 27
73 1
56 15
94 41
94 11
95 24
56 36
99 22
89 40
65 6
83 36
79 11
74 11
61 9
52 42
70 24
66 38
51 28
66 17
91 4
59 24
64 23
99 30
55 26
74 42
84 23
73 49
69 12
84 8
54 10
94 12
86 11
52 39
57 18
87 4
53 0
61 0
54 28
56 45
86 40
83 40
97 36
52 48
72 27
54 23
82 6
57 32
96 23
56 37
62 18
86 14
76 33
76 4
94 22
87 39
55 41
79 43
77 8
67 1
71 17
83 0
70 13
96 11
52 31
58 3
59 3
82 48
55 34
93 1
71 3
50 17
87 26
95 9
89 48
92 48
63 25
57 8
68 33
60 7
71 23
92 44
55 25
67 5
58 13
73 35
82 48
76 42
60 33
89 44
73 1
71 12
86 43
51 2
67 11
50 3
54 0
59 36
71 17
67 19
65 29
94 9
54 19
52 37
73 38
66 41
68 42
82 0
98 0
91 49
50 18
50 2
80 34
69 2
97 31
67 9
59 29
55 28
84 33
84 32
69 3
95 12
67 4
90 9
88 41
61 25
72 30
92 8
71 7
77 24
90 45
81 1
83 10
57 0
69 43
73 13
63 2
52 4
66 46
99 8
98 28
94 32
89 21
62 28
63 19
92 38
55 31
94 22
56 39
70 14
82 31
86 96
96 86
79 99
99 79
64 85
85 64
92 86
86 92
53 64
64 53
81 68
68 81
81 58
58 81
80 79
79 80
56 95
95 56
63 88
88 63
59 66
66 59
62 86
86 62
75 50
50 75
74 90
90 74
91 88
88 91
89 65
65 89
74 66
66 74
95 58
58 95
66 80
80 66
66 51
51 66
91 98
98 91
94 72
72 94
90 82
82 90
50 84
84 50
60 61
61 60
54 79
79 54
83 77
77 83
57 61
61 57
80 78
78 80
76 67
67 76
94 59
59 94
62 90
90 62
78 68
68 78
72 69
69 72
80 82
82 80
82 51
51 82
98 84
84 98
77 74
74 77
94 70
70 94
83 71
71 83
96 61
61 96
93 68
68 93
52 78
78 52
50 72
72 50
87 97
97 87
83 89
89 83
63 73
73 63
51 89
89 51
68 86
86 68
83 82
82 83
69 73
73 69
70 96
96 70
83 74
74 83
55 96
96 55
52 50
50 52
59 51
51 59
85 66
66 85
92 65
65 92
86 75
75 86
59 54
54 59
69 71
71 69
68 86
86 68
98 73
73 98
64 79
79 64
74 52
52 74
61 69
69 61
62 98
98 62
72 57
57 72
78 96
96 78
63 76
76 63
72 87
87 72
59 81
81 59
69 93
93 69
64 61
61 64
98 71
71 98
96 84
84 96
51 61
61 51
56 50
50 56
79 88
88 79
73 75
75 73
95 94
94 95
60 88
88 60
71 66
66 71
63 76
76 63
69 96
96 69
88 67
67 88
91 92
92 91
82 91
91 82
68 76
76 68
60 71
71 60
53 93
93 53
93 68
68 93
60 52
52 60
99 97
97 99
97 56
56 97
69 92
92 69
73 66
66 73
93 97
97 93
73 99
99 73
95 72
72 95
58 95
95 58
62 56
56 62
75 70
70 75
84 88
88 84
60 96
96 60
83 57
57 83
80 63
63 80
73 55
55 73
94 71
71 94
87 82
82 87
55 98
98 55
64 90
90 64
53 92
92 53
93 81
81 93
74 51
51 74
78 94
94 78
59 88
88 59
74 76
76 74
59 63
63 59
91 98
98 91
71 83
83 71
80 82
82 80
77 88
88 77
85 91
91 85
87 98
98 87
64 85
85 64
69 58
58 69
68 79
79 68
75 81
81 75
95 67
67 95
92 90
90 92
91 68
68 91
81 61
61 81
80 81
81 80
99 75
75 99
51 71
71 51
64 95
95 64
62 74
74 62
76 94
94 76
71 51
51 71
56 82
82 56
86 54
54 86
91 85
85 91
85 91
91 85
99 81
81 99
53 50
50 53
90 72
72 90
68 86
86 68
80 84
84 80
91 51
51 91
82 98
98 82
78 61
61 78
79 74
74 79
61 89
89 61
71 60
60 71
92 99
99 92
51 56
56 51
82 91
91 82
50 94
94 50
65 77
77 65
92 85
85 92
50 92
92 50
52 93
93 52
61 95
95 61
54 83
83 54
89 66
66 89
56 69
69 56
92 80
80 92
96 73
73 96
85 53
53 85
94 79
79 94
78 95
95 78
77 62
62 77
80 60
60 80
97 99
99 97
92 76
76 92
95 93
93 95
79 76
76 79
53 98
98 53
54 53
53 54
53 97
97 53
62 75
75 62
81 57
57 81
64 74
74 64
56 79
79 56
54 69
69 54
78 99
99 78
97 99
99 97
61 53
53 61
73 84
84 73
75 51
51 75
74 61
61 74
89 71
71 89
97 80
80 97
74 75
75 74
77 78
78 77
64 81
81 64
90 69
69 90
95 85
85 95
75 54
54 75
90 89
89 90
68 87
87 68
67 66
66 67
79 91
91 79
78 91
91 78
87 62
62 87
66 61
61 66
74 60
60 74
52 99
99 52
76 94
94 76
91 62
62 91
77 66
66 77
93 66
66 93
50 75
75 50
93 86
86 93
60 80
80 60
52 65
65 52
55 50
50 55
98 72
72 98
77 76
76 77
61 58
58 61
78 89
89 78
77 61
61 77
98 80
80 98
57 81
81 57
92 86
86 92
81 61
61 81
85 55
55 85
54 90
90 54
70 90
90 70
63 87
87 63
65 73
73 65
93 69
69 93
54 71
71 54
99 80
80 99
93 91
91 93
98 64
64 98
59 76
76 59
61 77
77 61
73 85
85 73
55 73
73 55
93 87
87 93
75 53
53 75
98 96
96 98
60 70
70 60
73 62
62 73
77 74
74 77
78 98
98 78
70 86
86 70
78 60
60 78
67 89
89 67
64 68
68 64
50 89
89 50
71 63
63 71
89 76
76 89
70 52
52 70
93 98
98 93
80 96
96 80
58 51
51 58
92 80
80 92
53 60
60 53
83 53
53 83
70 79
79 70
68 52
52 68
82 78
78 82
77 54
54 77
80 75
75 80
87 78
78 87
62 94
94 62
88 95
95 88
55 78
78 55
80 93
93 80
82 56
56 82
83 97
97 83
65 76
76 65
55 60
60 55
57 94
94 57
53 96
96 53
74 73
73 74
69 81
81 69
86 96
96 86
77 73
73 77
76 59
59 76
97 57
57 97
63 78
78 63
53 78
78 53
86 67
67 86
95 97
97 95
95 81
81 95
90 93
93 90
71 55
55 71
95 99
99 95
67 54
54 67
81 85
85 81
83 84
84 83
59 60
60 59
71 81
81 71
64 70
70 64
83 75
75 83
90 71
71 90
61 98
98 61
59 83
83 59
96 59
59 96
68 95
95 68
82 83
83 82
68 73
73 68
74 77
77 74
82 75
75 82
57 72
72 57
75 96
96 75
61 97
97 61
57 76
76 57
80 67
67 80
62 96
96 62
58 68
68 58
92 91
91 92
95 84
84 95
91 87
87 91
52 89
89 52
97 75
75 97
78 51
51 78
59 94
94 59
54 60
60 54
97 55
55 97
85 63
63 85
62 92
92 62
86 56
56 86
67 62
62 67
78 62
62 78
53 98
98 53
67 58
58 67
51 83
83 51
93 70
70 93
57 64
64 57
87 78
78 87
59 58
58 59
83 90
90 83
77 94
94 77
92 89
89 92
85 69
69 85
54 68
68 54
82 86
86 82
55 84
84 55
61 55
55 61
61 51
51 61
67 77
77 67
52 69
69 52
55 60
60 55
93 96
96 93
74 60
60 74
66 71
71 66
95 93
93 95
80 97
97 80
80 89
89 80
95 68
68 95
84 50
50 84
74 66
66 74
51 83
83 51
63 90
90 63
61 53
53 61
63 93
93 63
54 50
50 54
92 90
90 92
94 95
95 94
87 53
53 87
79 67
67 79
51 99
99 51
67 80
80 67
66 81
81 66
96 94
94 96
86 91
91 86
72 62
62 72
57 77
77 57
98 63
63 98
89 69
69 89
88 69
69 88
53 54
54 53
74 64
64 74
83 88
88 83
53 57
57 53
81 61
61 81
58 62
62 58
95 69
69 95
81 90
90 81
57 95
95 57
79 96
96 79
60 71
71 60
74 85
85 74
95 93
93 95
58 73
73 58
67 76
76 67
53 74
74 53
80 91
91 80
94 83
83 94
94 69
69 94
75 96
96 75
99 79
79 99
98 86
86 98
75 55
55 75
80 92
92 80
60 50
50 60
77 90
90 77
64 68
68 64
53 94
94 53
51 94
94 51
57 81
81 57
82 85
85 82
64 92
92 64
72 77
77 72
65 70
70 65
56 78
78 56
78 76
76 78
99 50
50 99
62 95
95 62
55 94
94 55
95 72
72 95
56 93
93 56
68 80
80 68
98 89
89 98
59 68
68 59
96 91
91 96
50 51
51 50
84 55
55 84
72 61
61 72
93 70
70 93
83 78
78 83
93 68
68 93
91 80
80 91
99 69
69 99
52 65
65 52
65 68
68 65
85 92
92 85
56 58
58 56
50 74
74 50
89 94
94 89
81 94
94 81
79 91
91 79
78 93
93 78
74 99
99 74
99 94
94 99
94 67
67 94
88 51
51 88
71 74
74 71
59 88
88 59
84 61
61 84
87 59
59 87
59 82
82 59
98 59
59 98
68 94
94 68
73 61
61 73
74 92
92 74
70 73
73 70
70 62
62 70
82 69
69 82
52 70
70 52
50 88
88 50
90 61
61 90
70 61
61 70
82 87
87 82
92 69
69 92
96 62
62 96
52 74
74 52
79 80
80 79
77 71
71 77
74 91
91 74
63 98
98 63
58 88
88 58
73 96
96 73
59 72
72 59
88 68
68 88
83 50
50 83
63 77
77 63
97 71
71 97
56 50
50 56
78 56
56 78
95 99
99 95
55 77
77 55
69 55
55 69
63 59
59 63
89 90
90 89
82 50
50 82
62 81
81 62
87 85
85 87
91 57
57 91
63 77
77 63
78 61
61 78
90 75
75 90
70 64
64 70
82 64
64 82
61 69
69 61
68 92
92 68
78 94
94 78
93 86
86 93
99 56
56 99
58 86
86 58
72 63
63 72
61 69
69 61
92 59
59 92
71 54
54 71
76 59
59 76
91 70
70 91
58 93
93 58
51 77
77 51
69 64
64 69
99 68
68 99
53 78
78 53
71 82
82 71
59 55
55 59
65 60
60 65
50 63
63 50
82 63
63 82
68 80
80 68
60 98
98 60
63 84
84 63
54 97
97 54
69 76
76 69
53 84
84 53
61 97
97 61
83 84
84 83
73 89
89 73
54 51
51 54
50 65
65 50
66 58
58 66
66 71
71 66
81 98
98 81
72 79
79 72
58 80
80 58
90 78
78 90
98 99
99 98
53 98
98 53
60 74
74 60
99 72
72 99
84 99
99 84
69 76
76 69
52 60
60 52
52 53
53 52
84 85
85 84
71 92
92 71
90 71
71 90
67 74
74 67
88 56
56 88
64 61
61 64
60 95
95 60
53 71
71 53
83 84
84 83
64 79
79 64
87 89
89 87
66 54
54 66
90 76
76 90
73 79
79 73
56 81
81 56
93 97
97 93
58 74
74 58
97 92
92 97
84 90
90 84
79 65
65 79
87 55
55 87
52 71
71 52
58 96
96 58
95 56
56 95
96 83
83 96
76 80
80 76
58 61
61 58
99 71
71 99
61 88
88 61
90 62
62 90
56 69
69 56
62 88
88 62
74 87
87 74
77 80
80 77
70 67
67 70
77 60
60 77
64 62
62 64
96 98
98 96
50 63
63 50
64 59
59 64
52 80
80 52
98 84
84 98
90 64
64 90
56 59
59 56
71 78
78 71
74 75
75 74
98 69
69 98
68 80
80 68
77 69
69 77
76 90
90 76
90 89
89 90
53 84
84 53
78 99
99 78
69 51
51 69
88 50
50 88
92 77
77 92
75 74
74 75
91 71
71 91
81 83
83 81
81 61
61 81
68 87
87 68
83 71
71 83
90 78
78 90
67 62
62 67
80 61
61 80
80 68
68 80
90 74
74 90
97 72
72 97
96 70
70 96
69 68
68 69
64 83
83 64
53 70
70 53
51 88
88 51
57 76
76 57
85 89
89 85
93 75
75 93
52 78
78 52
62 57
57 62
52 64
64 52
60 84
84 60
68 77
77 68
70 51
51 70
75 55
55 75
52 97
97 52
50 52
52 50
81 94
94 81
82 72
72 82
69 81
81 69
62 58
58 62
98 76
76 98
92 72
72 92
83 94
94 83
79 82
82 79
59 89
89 59
86 92
92 86
62 56
56 62
64 65
65 64
64 50
50 64
54 56
56 54
98 50
50 98
51 66
66 51
85 77
77 85
98 77
77 98
78 74
74 78
72 90
90 72
67 66
66 67
92 50
50 92
58 50
50 58
86 55
55 86
64 75
75 64
57 68
68 57
70 53
53 70
92 91
91 92
66 58
58 66
82 63
63 82
56 62
62 56
92 77
77 92
95 80
80 95
57 59
59 57
72 78
78 72
94 83
83 94
69 53
53 69
72 77
77 72
79 62
62 79
93 76
76 93
64 53
53 64
61 55
55 61
77 72
72 77
51 63
63 51
78 61
61 78
80 99
99 80
67 70
70 67
95 94
94 95
99 94
94 99
52 80
80 52
58 69
69 58
85 87
87 85
89 63
63 89
93 77
77 93
52 75
75 52
69 99
99 69
99 50
50 99
93 52
52 93
54 60
60 54
62 78
78 62
66 52
52 66
85 76
76 85
79 73
73 79
67 63
63 67
61 70
70 61
72 57
57 72
63 89
89 63
69 52
52 69
54 75
75 54
76 98
98 76
78 61
61 78
58 71
71 58
97 82
82 97
77 90
90 77
56 75
75 56
99 92
92 99
50 79
79 50
89 66
66 89
59 61
61 59
78 56
56 78
60 99
99 60
90 76
76 90
