25	0	34
34	0	25
17	0	45
45	0	17
9	0	3
3	0	9
28	0	43
43	0	28
33	0	20
20	0	33
16	0	6
6	0	16
10	0	45
45	0	10
9	0	17
17	0	9
20	0	18
18	0	20
16	0	8
8	0	16
25	0	44
44	0	25
16	0	17
17	0	16
44	0	39
39	0	44
47	0	19
19	0	47
16	0	8
8	0	16
6	0	28
28	0	6
49	0	34
34	0	49
13	0	27
27	0	13
14	0	1
1	0	14
10	0	19
19	0	10
29	0	4
4	0	29
0	0	24
24	0	0
4	0	42
42	0	4
14	0	8
8	0	14
28	0	27
27	0	28
5	0	23
23	0	5
5	0	20
20	0	5
32	0	17
17	0	32
43	0	23
23	0	43
15	0	23
23	0	15
35	0	40
40	0	35
12	0	35
35	0	12
32	0	42
42	0	32
32	0	46
46	0	32
1	0	37
37	0	1
13	0	22
22	0	13
29	0	43
43	0	29
4	0	22
22	0	4
10	0	3
3	0	10
22	0	9
9	0	22
26	0	25
25	0	26
5	0	16
16	0	5
0	0	19
19	0	0
36	0	30
30	0	36
2	0	28
28	0	2
24	0	18
18	0	24
49	0	47
47	0	49
1	0	35
35	0	1
27	0	44
44	0	27
43	0	36
36	0	43
19	0	21
21	0	19
25	0	17
17	0	25
20	0	0
0	0	20
32	0	25
25	0	32
47	0	11
11	0	47
45	0	37
37	0	45
45	0	44
44	0	45
44	0	6
6	0	44
27	0	46
46	0	27
38	0	2
2	0	38
13	0	47
47	0	13
48	0	0
0	0	48
7	0	17
17	0	7
42	0	41
41	0	42
40	0	9
9	0	40
7	0	0
0	0	7
7	0	23
23	0	7
17	0	1
1	0	17
11	0	35
35	0	11
28	0	27
27	0	28
11	0	36
36	0	11
3	0	36
36	0	3
14	0	22
22	0	14
47	0	29
29	0	47
43	0	29
29	0	43
45	0	19
19	0	45
45	0	29
29	0	45
8	0	28
28	0	8
49	0	32
32	0	49
43	0	10
10	0	43
1	0	43
43	0	1
0	0	33
33	0	0
11	0	49
49	0	11
8	0	12
12	0	8
37	0	48
48	0	37
24	0	42
42	0	24
34	0	30
30	0	34
18	0	34
34	0	18
3	0	32
32	0	3
31	0	22
22	0	31
27	0	43
43	0	27
0	0	36
36	0	0
26	0	42
42	0	26
3	0	41
41	0	3
36	0	43
43	0	36
36	0	19
19	0	36
26	0	43
43	0	26
11	0	35
35	0	11
12	0	42
42	0	12
11	0	0
0	0	11
19	0	0
0	0	19
37	0	22
22	0	37
18	0	21
21	0	18
26	0	46
46	0	26
32	0	30
30	0	32
38	0	17
17	0	38
8	0	24
24	0	8
0	0	25
25	0	0
14	0	1
1	0	14
5	0	21
21	0	5
9	0	3
3	0	9
11	0	34
34	0	11
44	0	16
16	0	44
28	0	11
11	0	28
13	0	3
3	0	13
34	0	17
17	0	34
24	0	44
44	0	24
49	0	1
1	0	49
26	0	29
29	0	26
14	0	41
41	0	14
9	0	26
26	0	9
27	0	1
1	0	27
38	0	42
42	0	38
17	0	14
14	0	17
21	0	40
40	0	21
29	0	31
31	0	29
28	0	11
11	0	28
43	0	41
41	0	43
42	0	15
15	0	42
19	0	22
22	0	19
18	0	32
32	0	18
17	0	35
35	0	17
2	0	40
40	0	2
45	0	49
49	0	45
16	0	22
22	0	16
16	0	12
12	0	16
11	0	18
18	0	11
23	0	8
8	0	23
34	0	14
14	0	34
4	0	29
29	0	4
2	0	23
23	0	2
42	0	18
18	0	42
25	0	16
16	0	25
23	0	48
48	0	23
11	0	13
13	0	11
45	0	1
1	0	45
18	0	9
9	0	18
40	0	39
39	0	40
21	0	3
3	0	21
28	0	22
22	0	28
37	0	40
40	0	37
12	0	26
26	0	12
27	0	7
7	0	27
48	0	23
23	0	48
15	0	48
48	0	15
21	0	17
17	0	21
37	0	42
42	0	37
7	0	47
47	0	7
32	0	1
1	0	32
28	0	15
15	0	28
34	0	28
28	0	34
13	0	18
18	0	13
21	0	26
26	0	21
25	0	12
12	0	25
33	0	27
27	0	33
22	0	10
10	0	22
2	0	48
48	0	2
25	0	35
35	0	25
44	0	43
43	0	44
26	0	10
10	0	26
10	0	9
9	0	10
41	0	6
6	0	41
43	0	35
35	0	43
27	0	1
1	0	27
45	0	32
32	0	45
33	0	39
39	0	33
35	0	10
10	0	35
46	0	23
23	0	46
26	0	9
9	0	26
48	0	49
49	0	48
17	0	37
37	0	17
31	0	24
24	0	31
17	0	30
30	0	17
21	0	43
43	0	21
48	0	25
25	0	48
18	0	10
10	0	18
23	0	0
0	0	23
32	0	14
14	0	32
42	0	32
32	0	42
16	0	17
17	0	16
13	0	48
48	0	13
39	0	17
17	0	39
8	0	35
35	0	8
26	0	9
9	0	26
38	0	32
32	0	38
42	0	45
45	0	42
12	0	43
43	0	12
7	0	22
22	0	7
21	0	18
18	0	21
43	0	39
39	0	43
8	0	4
4	0	8
25	0	35
35	0	25
49	0	16
16	0	49
34	0	33
33	0	34
15	0	11
11	0	15
12	0	7
7	0	12
42	0	22
22	0	42
23	0	9
9	0	23
15	0	9
9	0	15
37	0	21
21	0	37
16	0	42
42	0	16
43	0	36
36	0	43
25	0	34
34	0	25
39	0	0
0	0	39
38	0	5
5	0	38
4	0	23
23	0	4
0	0	40
40	0	0
18	0	3
3	0	18
17	0	13
13	0	17
23	0	33
33	0	23
34	0	39
39	0	34
45	0	5
5	0	45
12	0	10
10	0	12
9	0	15
15	0	9
34	0	30
30	0	34
28	0	13
13	0	28
13	0	32
32	0	13
18	0	42
42	0	18
45	0	34
34	0	45
35	0	17
17	0	35
38	0	4
4	0	38
8	0	48
48	0	8
38	0	17
17	0	38
45	0	47
47	0	45
40	0	0
0	0	40
18	0	2
2	0	18
32	0	47
47	0	32
7	0	12
12	0	7
23	0	9
9	0	23
17	0	42
42	0	17
28	0	10
10	0	28
16	0	45
45	0	16
30	0	38
38	0	30
7	0	24
24	0	7
43	0	39
39	0	43
8	0	20
20	0	8
9	0	38
38	0	9
22	0	2
2	0	22
18	0	19
19	0	18
27	0	18
18	0	27
38	0	6
6	0	38
36	0	3
3	0	36
32	0	3
3	0	32
1	0	21
21	0	1
46	0	7
7	0	46
19	0	11
11	0	19
49	0	2
2	0	49
30	0	9
9	0	30
0	0	32
32	0	0
10	0	32
32	0	10
46	0	29
29	0	46
46	0	32
32	0	46
47	0	32
32	0	47
47	0	33
33	0	47
37	0	10
10	0	37
46	0	49
49	0	46
11	0	49
49	0	11
48	0	25
25	0	48
8	0	17
17	0	8
39	0	3
3	0	39
2	0	47
47	0	2
1	0	44
44	0	1
23	0	31
31	0	23
22	0	15
15	0	22
17	0	32
32	0	17
10	0	5
5	0	10
32	0	27
27	0	32
45	0	14
14	0	45
47	0	31
31	0	47
49	0	27
27	0	49
5	0	46
46	0	5
37	0	7
7	0	37
42	0	12
12	0	42
1	0	16
16	0	1
3	0	48
48	0	3
8	0	6
6	0	8
15	0	28
28	0	15
28	0	49
49	0	28
3	0	11
11	0	3
35	0	38
38	0	35
43	0	27
27	0	43
41	0	42
42	0	41
49	0	30
30	0	49
43	0	6
6	0	43
9	0	11
11	0	9
36	0	13
13	0	36
3	0	43
43	0	3
10	0	23
23	0	10
34	0	48
48	0	34
34	0	31
31	0	34
28	0	38
38	0	28
16	0	9
9	0	16
3	0	19
19	0	3
10	0	7
7	0	10
0	0	7
7	0	0
16	0	23
23	0	16
35	0	18
18	0	35
8	0	16
16	0	8
38	0	25
25	0	38
46	0	22
22	0	46
36	0	46
46	0	36
21	0	8
8	0	21
24	0	1
1	0	24
48	0	21
21	0	48
24	0	8
8	0	24
49	0	23
23	0	49
7	0	28
28	0	7
35	0	0
0	0	35
8	0	12
12	0	8
3	0	24
24	0	3
22	0	11
11	0	22
15	0	2
2	0	15
2	0	27
27	0	2
2	0	20
20	0	2
4	0	27
27	0	4
27	0	16
16	0	27
15	0	40
40	0	15
5	0	35
35	0	5
20	0	6
6	0	20
26	0	7
7	0	26
28	0	4
4	0	28
16	0	39
39	0	16
39	0	46
46	0	39
12	0	35
35	0	12
7	0	22
22	0	7
40	0	9
9	0	40
10	0	45
45	0	10
2	0	31
31	0	2
49	0	13
13	0	49
4	0	20
20	0	4
17	0	49
49	0	17
4	0	35
35	0	4
20	0	47
47	0	20
6	0	22
22	0	6
47	0	25
25	0	47
12	0	0
0	0	12
20	0	40
40	0	20
18	0	27
27	0	18
21	0	35
35	0	21
28	0	13
13	0	28
20	0	15
15	0	20
42	0	1
1	0	42
8	0	28
28	0	8
14	0	36
36	0	14
22	0	19
19	0	22
22	0	16
16	0	22
19	0	43
43	0	19
46	0	21
21	0	46
12	0	48
48	0	12
8	0	12
12	0	8
12	0	45
45	0	12
31	0	48
48	0	31
1	0	38
38	0	1
37	0	5
5	0	37
47	0	31
31	0	47
21	0	29
29	0	21
31	0	16
16	0	31
12	0	47
47	0	12
36	0	46
46	0	36
27	0	0
0	0	27
12	0	43
43	0	12
17	0	6
6	0	17
46	0	40
40	0	46
28	0	10
10	0	28
17	0	36
36	0	17
10	0	47
47	0	10
4	0	20
20	0	4
40	0	10
10	0	40
39	0	43
43	0	39
18	0	40
40	0	18
14	0	45
45	0	14
4	0	49
49	0	4
16	0	25
25	0	16
20	0	42
42	0	20
6	0	28
28	0	6
9	0	4
4	0	9
27	0	12
12	0	27
12	0	37
37	0	12
17	0	6
6	0	17
17	0	19
19	0	17
2	0	16
16	0	2
0	0	37
37	0	0
43	0	11
11	0	43
0	0	17
17	0	0
1	0	0
0	0	1
14	0	40
40	0	14
23	0	48
48	0	23
10	0	1
1	0	10
15	0	41
41	0	15
9	0	19
19	0	9
41	0	36
36	0	41
19	0	39
39	0	19
48	0	41
41	0	48
29	0	26
26	0	29
27	0	14
14	0	27
2	0	28
28	0	2
35	0	1
1	0	35
12	0	18
18	0	12
36	0	43
43	0	36
15	0	4
4	0	15
24	0	30
30	0	24
36	0	11
11	0	36
18	0	15
15	0	18
10	0	38
38	0	10
20	0	1
1	0	20
4	0	10
10	0	4
29	0	41
41	0	29
47	0	10
10	0	47
27	0	4
4	0	27
47	0	48
48	0	47
40	0	48
48	0	40
47	0	22
22	0	47
46	0	39
39	0	46
35	0	48
48	0	35
35	0	3
3	0	35
38	0	30
30	0	38
11	0	31
31	0	11
12	0	41
41	0	12
40	0	49
49	0	40
49	0	27
27	0	49
0	0	8
8	0	0
39	0	25
25	0	39
13	0	7
7	0	13
29	0	16
16	0	29
24	0	40
40	0	24
18	0	3
3	0	18
31	0	36
36	0	31
3	0	14
14	0	3
8	0	28
28	0	8
35	0	29
29	0	35
46	0	3
3	0	46
17	0	35
35	0	17
10	0	46
46	0	10
29	0	40
40	0	29
31	0	17
17	0	31
5	0	28
28	0	5
37	0	10
10	0	37
32	0	3
3	0	32
15	0	17
17	0	15
16	0	18
18	0	16
11	0	33
33	0	11
14	0	35
35	0	14
25	0	4
4	0	25
39	0	2
2	0	39
35	0	14
14	0	35
19	0	13
13	0	19
16	0	0
0	0	16
21	0	48
48	0	21
28	0	31
31	0	28
26	0	35
35	0	26
26	0	21
21	0	26
20	0	11
11	0	20
27	0	7
7	0	27
18	0	1
1	0	18
2	0	14
14	0	2
7	0	29
29	0	7
21	0	27
27	0	21
39	0	25
25	0	39
12	0	37
37	0	12
32	0	9
9	0	32
7	0	29
29	0	7
15	0	27
27	0	15
24	0	48
48	0	24
49	0	1
1	0	49
42	0	4
4	0	42
23	0	38
38	0	23
36	0	23
23	0	36
31	0	39
39	0	31
10	0	43
43	0	10
1	0	30
30	0	1
49	0	45
45	0	49
32	0	36
36	0	32
14	0	22
22	0	14
46	0	31
31	0	46
23	0	3
3	0	23
3	0	4
4	0	3
20	0	12
12	0	20
15	0	46
46	0	15
2	0	35
35	0	2
14	0	25
25	0	14
47	0	11
11	0	47
21	0	49
49	0	21
42	0	19
19	0	42
4	0	2
2	0	4
23	0	8
8	0	23
20	0	39
39	0	20
44	0	29
29	0	44
7	0	36
36	0	7
39	0	11
11	0	39
6	0	43
43	0	6
37	0	12
12	0	37
41	0	7
7	0	41
46	0	36
36	0	46
12	0	7
7	0	12
38	0	2
2	0	38
33	0	5
5	0	33
30	0	25
25	0	30
5	0	6
6	0	5
15	0	21
21	0	15
2	0	34
34	0	2
44	0	31
31	0	44
22	0	8
8	0	22
11	0	40
40	0	11
29	0	18
18	0	29
16	0	46
46	0	16
24	0	3
3	0	24
12	0	20
20	0	12
46	0	48
48	0	46
6	0	30
30	0	6
9	0	11
11	0	9
10	0	41
41	0	10
22	0	43
43	0	22
34	0	42
42	0	34
17	0	24
24	0	17
12	0	43
43	0	12
12	0	26
26	0	12
47	0	31
31	0	47
1	0	34
34	0	1
6	0	9
9	0	6
35	0	20
20	0	35
1	0	37
37	0	1
38	0	10
10	0	38
21	0	3
3	0	21
8	0	3
3	0	8
21	0	35
35	0	21
38	0	19
19	0	38
41	0	35
35	0	41
13	0	24
24	0	13
26	0	3
3	0	26
39	0	37
37	0	39
32	0	9
9	0	32
22	0	25
25	0	22
48	0	25
25	0	48
7	0	10
10	0	7
0	0	45
45	0	0
47	0	43
43	0	47
26	0	24
24	0	26
43	0	16
16	0	43
42	0	11
11	0	42
23	0	15
15	0	23
47	0	30
30	0	47
13	0	6
6	0	13
10	0	15
15	0	10
2	0	31
31	0	2
49	0	25
25	0	49
3	0	8
8	0	3
2	0	20
20	0	2
20	0	14
14	0	20
29	0	39
39	0	29
42	0	47
47	0	42
23	0	7
7	0	23
17	0	37
37	0	17
4	0	3
3	0	4
38	0	39
39	0	38
27	0	48
48	0	27
32	0	38
38	0	32
10	0	25
25	0	10
41	0	21
21	0	41
43	0	33
33	0	43
5	0	31
31	0	5
29	0	15
15	0	29
20	0	43
43	0	20
49	0	2
2	0	49
38	0	10
10	0	38
13	0	42
42	0	13
48	0	43
43	0	48
14	0	16
16	0	14
6	0	40
40	0	6
1	0	24
24	0	1
17	0	1
1	0	17
33	0	4
4	0	33
9	0	35
35	0	9
48	0	9
9	0	48
5	0	28
28	0	5
44	0	42
42	0	44
38	0	0
0	0	38
27	0	21
21	0	27
27	0	2
2	0	27
18	0	37
37	0	18
1	0	9
9	0	1
32	0	41
41	0	32
8	0	41
41	0	8
30	0	18
18	0	30
49	0	10
10	0	49
39	0	49
49	0	39
44	0	9
9	0	44
12	0	41
41	0	12
4	0	17
17	0	4
14	0	43
43	0	14
24	0	1
1	0	24
13	0	43
43	0	13
44	0	30
30	0	44
5	0	3
3	0	5
11	0	19
19	0	11
39	0	6
6	0	39
12	0	30
30	0	12
22	0	13
13	0	22
9	0	11
11	0	9
31	0	20
20	0	31
47	0	48
48	0	47
0	0	2
2	0	0
9	0	25
25	0	9
31	0	21
21	0	31
17	0	34
34	0	17
26	0	46
46	0	26
46	0	38
38	0	46
2	0	31
31	0	2
45	0	15
15	0	45
21	0	3
3	0	21
7	0	45
45	0	7
32	0	47
47	0	32
11	0	30
30	0	11
2	0	32
32	0	2
47	0	44
44	0	47
37	0	12
12	0	37
32	0	25
25	0	32
6	0	7
7	0	6
36	0	28
28	0	36
21	0	9
9	0	21
43	0	31
31	0	43
15	0	43
43	0	15
5	0	13
13	0	5
14	0	13
13	0	14
7	0	35
35	0	7
10	0	9
9	0	10
31	0	16
16	0	31
40	0	47
47	0	40
25	0	47
47	0	25
49	0	40
40	0	49
46	0	21
21	0	46
29	0	4
4	0	29
45	0	36
36	0	45
26	0	33
33	0	26
7	0	13
13	0	7
4	0	1
1	0	4
35	0	9
9	0	35
31	0	36
36	0	31
34	0	48
48	0	34
24	0	25
25	0	24
47	0	15
15	0	47
6	0	37
37	0	6
27	0	5
5	0	27
11	0	6
6	0	11
15	0	43
43	0	15
3	0	10
10	0	3
36	0	7
7	0	36
28	0	27
27	0	28
4	0	2
2	0	4
47	0	42
42	0	47
30	0	7
7	0	30
8	0	37
37	0	8
39	0	46
46	0	39
12	0	9
9	0	12
48	0	36
36	0	48
21	0	13
13	0	21
42	0	47
47	0	42
16	0	6
6	0	16
21	0	42
42	0	21
24	0	18
18	0	24
42	0	49
49	0	42
25	0	47
47	0	25
3	0	38
38	0	3
16	0	22
22	0	16
31	0	48
48	0	31
26	0	33
33	0	26
3	0	21
21	0	3
36	0	48
48	0	36
43	0	22
22	0	43
12	0	30
30	0	12
8	0	30
30	0	8
26	0	34
34	0	26
7	0	23
23	0	7
19	0	45
45	0	19
1	0	23
23	0	1
4	0	40
40	0	4
11	0	24
24	0	11
14	0	2
2	0	14
25	0	47
47	0	25
14	0	32
32	0	14
32	0	2
2	0	32
29	0	9
9	0	29
9	0	1
1	0	9
14	0	34
34	0	14
32	0	49
49	0	32
20	0	15
15	0	20
22	0	35
35	0	22
42	0	11
11	0	42
22	0	38
38	0	22
48	0	3
3	0	48
21	0	34
34	0	21
34	0	35
35	0	34
27	0	1
1	0	27
49	0	6
6	0	49
28	0	0
0	0	28
3	0	25
25	0	3
20	0	43
43	0	20
6	0	44
44	0	6
27	0	11
11	0	27
6	0	13
13	0	6
15	0	44
44	0	15
11	0	29
29	0	11
25	0	6
6	0	25
37	0	11
11	0	37
14	0	16
16	0	14
40	0	35
35	0	40
45	0	11
11	0	45
48	0	22
22	0	48
11	0	27
27	0	11
27	0	3
3	0	27
33	0	7
7	0	33
36	0	43
43	0	36
5	0	14
14	0	5
24	0	25
25	0	24
34	0	11
11	0	34
1	0	7
7	0	1
36	0	45
45	0	36
6	0	10
10	0	6
45	0	5
5	0	45
44	0	24
24	0	44
19	0	28
28	0	19
36	0	3
3	0	36
29	0	17
17	0	29
14	0	37
37	0	14
31	0	5
5	0	31
7	0	44
44	0	7
44	0	47
47	0	44
11	0	33
33	0	11
35	0	37
37	0	35
34	0	18
18	0	34
25	0	4
4	0	25
12	0	68
5	0	60
5	0	53
29	0	70
27	0	78
39	0	69
35	0	77
12	0	59
19	0	73
18	0	79
27	0	67
6	0	59
17	0	78
1	0	74
36	0	72
20	0	83
32	0	62
27	0	77
24	0	51
21	0	99
21	0	71
8	0	93
36	0	81
39	0	59
19	0	85
30	0	79
18	0	81
43	0	94
12	0	73
42	0	84
31	0	84
47	0	97
1	0	92
40	0	92
5	0	97
8	0	69
23	0	51
22	0	75
40	0	55
46	0	69
39	0	78
7	0	76
18	0	74
3	0	57
44	0	93
42	0	90
26	0	57
14	0	72
27	0	73
4	0	81
10	0	71
21	0	51
22	0	61
16	0	87
15	0	98
31	0	82
38	0	90
40	0	99
45	0	88
14	0	61
20	0	91
17	0	78
5	0	54
41	0	95
12	0	75
42	0	92
11	0	62
31	0	85
35	0	88
11	0	60
19	0	79
7	0	71
38	0	53
30	0	69
6	0	65
31	0	95
2	0	74
6	0	89
29	0	89
39	0	59
9	0	61
15	0	62
44	0	94
28	0	82
17	0	77
12	0	52
1	0	64
18	0	78
13	0	66
14	0	98
49	0	60
8	0	74
46	0	74
5	0	82
10	0	68
39	0	59
26	0	75
34	0	75
32	0	86
35	0	86
0	0	52
15	0	86
25	0	57
16	0	83
41	0	80
45	0	52
30	0	65
42	0	51
23	0	81
0	0	81
41	0	72
32	0	89
24	0	83
26	0	92
28	0	65
12	0	93
36	0	86
20	0	64
23	0	57
35	0	76
21	0	56
37	0	86
35	0	72
28	0	98
10	0	72
29	0	52
29	0	73
16	0	99
23	0	66
37	0	64
49	0	58
13	0	87
25	0	74
39	0	94
36	0	70
13	0	72
45	0	55
5	0	56
34	0	95
29	0	74
30	0	97
17	0	91
47	0	61
29	0	84
39	0	98
37	0	56
23	0	77
30	0	52
30	0	84
19	0	96
14	0	75
16	0	98
34	0	59
31	0	70
35	0	83
12	0	75
49	0	69
29	0	53
35	0	97
18	0	81
49	0	79
38	0	69
47	0	73
22	0	99
43	0	81
36	0	96
45	0	85
13	0	56
31	0	91
38	0	76
4	0	57
48	0	72
4	0	75
35	0	66
16	0	98
17	0	98
35	0	70
23	0	89
44	0	76
36	0	69
37	0	87
48	0	62
10	0	99
37	0	91
40	0	59
33	0	78
39	0	99
36	0	62
13	0	62
25	0	59
7	0	62
21	0	96
9	0	88
30	0	79
41	0	69
28	0	67
10	0	58
48	0	67
23	0	67
6	0	70
16	0	88
30	0	99
20	0	76
39	0	51
8	0	82
32	0	50
46	0	57
34	0	59
47	0	88
30	0	70
42	0	62
4	0	85
32	0	78
8	0	95
40	0	51
2	0	83
36	0	93
10	0	61
39	0	80
23	0	58
46	0	85
37	0	99
31	0	82
49	0	85
47	0	80
13	0	59
23	0	92
13	0	62
24	0	76
37	0	86
17	0	88
14	0	91
40	0	91
22	0	95
12	0	67
46	0	69
37	0	60
16	0	93
24	0	56
11	0	88
41	0	72
36	0	69
37	0	60
27	0	97
25	0	66
26	0	68
0	0	71
48	0	72
13	0	79
27	0	77
44	0	92
21	0	91
15	0	50
47	0	59
5	0	98
49	0	82
11	0	60
21	0	50
25	0	77
26	0	92
11	0	67
39	0	94
5	0	73
20	0	85
38	0	89
35	0	61
27	0	83
7	0	65
29	0	56
0	0	50
6	0	75
45	0	56
18	0	95
8	0	56
33	0	65
20	0	52
27	0	94
15	0	86
42	0	81
14	0	97
22	0	75
16	0	66
5	0	73
0	0	69
30	0	85
1	0	53
43	0	73
0	0	75
9	0	96
3	0	98
27	0	80
20	0	58
28	0	74
45	0	65
11	0	79
26	0	50
41	0	62
0	0	62
27	0	79
31	0	67
14	0	94
9	0	64
38	0	92
0	0	71
36	0	83
26	0	84
41	0	84
6	0	54
49	0	88
18	0	51
9	0	69
39	0	55
32	0	55
5	0	84
10	0	52
41	0	91
18	0	89
47	0	98
36	0	87
16	0	95
39	0	87
28	0	56
6	0	97
12	0	57
10	0	85
22	0	72
16	0	76
2	0	68
14	0	76
23	0	59
14	0	75
25	0	50
15	0	72
24	0	93
37	0	94
17	0	72
3	0	95
34	0	55
3	0	69
15	0	88
43	0	92
34	0	89
29	0	65
11	0	51
44	0	51
4	0	65
4	0	80
5	0	69
37	0	81
31	0	68
26	0	63
38	0	99
28	0	77
16	0	67
43	0	84
37	0	64
0	0	98
1	0	97
48	0	99
18	0	98
17	0	80
42	0	92
40	0	66
20	0	55
20	0	59
34	0	80
8	0	55
20	0	89
21	0	68
26	0	78
36	0	80
49	0	62
9	0	81
43	0	99
4	0	55
15	0	95
37	0	51
31	0	78
12	0	71
37	0	56
48	0	87
15	0	68
38	0	52
5	0	65
47	0	65
40	0	82
5	0	87
2	0	59
37	0	90
5	0	84
41	0	97
7	0	78
26	0	79
25	0	61
25	0	72
5	0	67
7	0	53
41	0	66
29	0	92
1	0	72
37	0	95
20	0	85
13	0	88
48	0	81
24	0	77
3	0	86
10	0	63
26	0	52
34	0	89
45	0	90
27	0	88
45	0	79
1	0	81
21	0	51
13	0	67
49	0	84
49	0	63
42	0	64
26	0	76
4	0	51
15	0	63
38	0	78
4	0	56
15	0	98
44	0	50
18	0	87
43	0	75
28	0	78
23	0	62
15	0	83
20	0	72
29	0	65
49	0	71
48	0	93
24	0	99
37	0	58
21	0	89
29	0	59
37	0	67
22	0	59
47	0	57
14	0	56
39	0	87
28	0	64
8	0	78
35	0	95
37	0	67
11	0	90
46	0	70
10	0	87
13	0	86
32	0	58
9	0	93
45	0	81
47	0	74
4	0	62
42	0	53
24	0	68
13	0	98
46	0	96
4	0	90
10	0	81
15	0	66
37	0	71
42	0	75
13	0	93
1	0	84
45	0	85
37	0	86
18	0	91
49	0	64
47	0	88
18	0	68
36	0	67
41	0	86
20	0	92
23	0	92
48	0	80
13	0	83
32	0	67
24	0	88
26	0	90
12	0	96
10	0	68
2	0	99
21	0	92
48	0	58
7	0	74
32	0	85
18	0	67
25	0	92
40	0	50
41	0	80
28	0	66
2	0	62
48	0	52
35	0	50
32	0	56
39	0	64
5	0	78
25	0	89
20	0	51
32	0	85
31	0	98
45	0	74
26	0	73
9	0	58
47	0	65
11	0	55
14	0	98
47	0	98
4	0	83
32	0	88
25	0	76
45	0	90
18	0	58
8	0	57
36	0	74
17	0	77
29	0	54
17	0	55
15	0	60
0	0	66
24	0	73
24	0	67
13	0	61
24	0	68
49	0	63
27	0	65
35	0	62
18	0	50
22	0	99
19	0	73
11	0	68
0	0	71
3	0	64
19	0	51
13	0	72
45	0	86
19	0	82
25	0	77
30	0	85
3	0	84
22	0	91
38	0	61
16	0	97
7	0	71
7	0	75
40	0	59
18	0	70
7	0	78
34	0	78
10	0	77
0	0	57
39	0	88
33	0	63
17	0	55
5	0	57
39	0	75
25	0	53
41	0	91
4	0	57
20	0	67
12	0	62
11	0	54
9	0	60
18	0	79
18	0	54
14	0	84
18	0	82
19	0	54
38	0	66
7	0	78
26	0	77
7	0	56
44	0	51
10	0	64
3	0	68
13	0	87
3	0	52
44	0	54
48	0	75
9	0	93
29	0	87
43	0	85
38	0	61
7	0	61
32	0	90
42	0	73
40	0	71
9	0	62
49	0	81
19	0	54
24	0	74
36	0	71
9	0	52
1	0	96
8	0	99
36	0	68
17	0	60
19	0	75
22	0	54
43	0	82
12	0	58
21	0	68
49	0	53
46	0	91
39	0	53
28	0	51
46	0	62
9	0	67
47	0	81
31	0	60
43	0	96
17	0	99
47	0	56
10	0	68
31	0	54
4	0	61
24	0	66
16	0	74
43	0	91
40	0	79
30	0	55
45	0	83
16	0	97
42	0	76
10	0	92
0	0	85
19	0	63
49	0	75
34	0	86
41	0	73
8	0	92
29	0	65
32	0	60
30	0	56
21	0	85
26	0	99
28	0	92
0	0	84
11	0	77
2	0	57
48	0	92
28	0	81
3	0	61
12	0	95
16	0	59
25	0	52
43	0	91
19	0	86
11	0	98
15	0	67
42	0	96
8	0	76
25	0	73
40	0	88
28	0	60
31	0	52
12	0	90
36	0	55
16	0	86
42	0	82
24	0	51
48	0	52
8	0	81
19	0	63
31	0	69
13	0	84
10	0	81
13	0	58
37	0	71
43	0	75
31	0	73
17	0	50
19	0	62
48	0	99
16	0	82
8	0	90
32	0	74
1	0	72
2	0	76
39	0	68
22	0	54
18	0	74
9	0	55
28	0	93
2	0	81
44	0	70
39	0	77
30	0	66
1	0	91
19	0	91
23	0	72
20	0	74
49	0	78
39	0	80
29	0	65
48	0	52
45	0	77
15	0	99
19	0	99
20	0	89
16	0	55
35	0	83
11	0	79
19	0	96
47	0	96
22	0	96
43	0	99
8	0	90
19	0	96
44	0	70
8	0	96
13	0	58
3	0	99
7	0	72
43	0	68
4	0	83
29	0	65
23	0	97
2	0	68
43	0	66
40	0	57
2	0	71
8	0	53
22	0	57
0	0	80
22	0	77
7	0	69
26	0	91
28	0	72
8	0	74
10	0	71
6	0	58
49	0	93
26	0	94
20	0	78
1	0	72
1	0	99
18	0	70
42	0	76
20	0	96
36	0	89
35	0	78
34	0	52
6	0	55
25	0	51
19	0	51
42	0	77
44	0	94
47	0	63
2	0	54
12	0	50
10	0	70
38	0	51
16	0	79
12	0	78
7	0	60
33	0	63
45	0	84
11	0	75
46	0	74
20	0	69
4	0	91
34	0	92
3	0	72
2	0	83
28	0	78
8	0	93
25	0	87
15	0	84
34	0	75
25	0	66
19	0	62
18	0	93
14	0	81
19	0	61
19	0	67
34	0	80
20	0	87
33	0	99
33	0	95
16	0	92
4	0	71
21	0	71
29	0	84
24	0	85
46	0	59
35	0	77
9	0	71
34	0	97
48	0	98
42	0	66
32	0	95
24	0	67
10	0	84
38	0	78
5	0	72
43	0	97
7	0	93
48	0	98
40	0	62
28	0	97
39	0	96
11	0	87
29	0	75
12	0	64
11	0	79
5	0	72
49	0	58
3	0	73
9	0	82
8	0	91
31	0	86
1	0	80
43	0	64
5	0	96
16	0	98
45	0	84
15	0	61
41	0	54
20	0	88
23	0	97
49	0	74
39	0	76
48	0	93
3	0	82
45	0	89
38	0	83
42	0	62
28	0	67
22	0	95
18	0	73
43	0	87
29	0	79
3	0	74
20	0	84
4	0	82
12	0	73
21	0	92
45	0	94
26	0	60
28	0	71
30	0	85
15	0	90
25	0	77
38	0	76
12	0	60
14	0	76
11	0	81
3	0	64
2	0	55
6	0	77
26	0	58
6	0	56
34	0	97
11	0	67
4	0	89
9	0	98
23	0	50
0	0	91
38	0	63
42	0	55
10	0	59
36	0	72
31	0	74
42	0	68
39	0	69
24	0	79
41	0	78
10	0	63
23	0	99
24	0	61
49	0	92
9	0	89
33	0	50
9	0	85
28	0	90
18	0	87
22	0	52
7	0	99
1	0	99
6	0	78
47	0	52
34	0	80
5	0	81
0	0	90
6	0	61
12	0	79
29	0	51
28	0	53
49	0	61
39	0	54
33	0	80
16	0	72
17	0	77
36	0	53
20	0	58
4	0	61
23	0	55
48	0	72
25	0	84
23	0	86
33	0	52
35	0	69
28	0	53
43	0	77
26	0	75
16	0	58
14	0	72
37	0	81
15	0	61
15	0	97
15	0	79
4	0	94
3	0	81
49	0	53
6	0	98
0	0	60
23	0	87
48	0	77
42	0	59
21	0	77
20	0	63
10	0	63
6	0	96
2	0	86
20	0	73
0	0	92
18	0	71
45	0	65
39	0	85
19	0	98
21	0	60
35	0	67
40	0	86
38	0	70
23	0	95
15	0	90
39	0	97
31	0	60
17	0	77
3	0	56
22	0	97
49	0	94
5	0	57
15	0	73
2	0	85
26	0	74
12	0	75
16	0	68
24	0	55
28	0	58
30	0	71
41	0	60
34	0	71
35	0	63
46	0	79
20	0	52
47	0	98
9	0	71
22	0	53
48	0	99
6	0	87
21	0	88
5	0	86
3	0	94
47	0	72
38	0	78
47	0	53
30	0	98
42	0	78
3	0	79
30	0	55
4	0	80
5	0	64
41	0	56
13	0	89
23	0	94
28	0	64
16	0	66
26	0	71
4	0	95
21	0	79
46	0	80
38	0	84
49	0	68
8	0	59
44	0	61
12	0	66
26	0	96
29	0	93
5	0	68
35	0	84
16	0	79
30	0	77
28	0	98
14	0	65
4	0	92
41	0	66
38	0	70
48	0	93
7	0	52
40	0	54
33	0	84
11	0	94
49	0	82
45	0	68
26	0	93
41	0	67
15	0	53
36	0	81
20	0	62
14	0	99
39	0	78
42	0	50
32	0	90
44	0	90
18	0	72
33	0	80
40	0	80
22	0	89
42	0	80
48	0	85
12	0	63
1	0	86
13	0	78
11	0	57
11	0	83
26	0	64
8	0	74
34	0	68
31	0	54
17	0	96
7	0	50
22	0	91
23	0	72
40	0	98
27	0	73
39	0	52
22	0	94
4	0	88
12	0	86
22	0	95
15	0	61
6	0	55
37	0	59
2	0	83
22	0	64
32	0	56
23	0	56
2	0	81
49	0	50
36	0	68
35	0	75
22	0	77
44	0	50
26	0	61
39	0	64
40	0	64
33	0	62
17	0	72
39	0	86
37	0	63
48	0	80
11	0	64
25	0	78
44	0	82
14	0	88
40	0	77
46	0	63
7	0	83
28	0	54
13	0	94
2	0	77
41	0	55
46	0	79
42	0	77
6	0	64
42	0	88
23	0	67
12	0	55
41	0	60
39	0	74
43	0	55
44	0	92
20	0	84
0	0	93
13	0	64
47	0	62
35	0	51
5	0	92
39	0	79
25	0	91
9	0	95
36	0	79
26	0	51
37	0	94
29	0	81
32	0	78
37	0	65
36	0	72
6	0	92
17	0	78
42	0	85
31	0	51
16	0	50
46	0	71
41	0	58
32	0	91
47	0	91
5	0	65
18	0	82
16	0	74
29	0	91
34	0	81
24	0	82
8	0	56
5	0	91
20	0	56
33	0	60
18	0	91
37	0	95
19	0	50
47	0	72
46	0	52
29	0	72
14	0	53
30	0	92
6	0	89
26	0	80
49	0	58
38	0	77
39	0	74
23	0	65
46	0	50
6	0	66
8	0	81
42	0	74
14	0	97
14	0	73
32	0	85
39	0	73
12	0	63
46	0	53
38	0	92
35	0	94
37	0	95
12	0	85
11	0	73
36	0	51
19	0	78
13	0	53
38	0	93
43	0	79
49	0	99
26	0	62
44	0	60
14	0	97
27	0	58
33	0	93
16	0	56
46	0	52
25	0	51
27	0	71
9	0	68
9	0	72
26	0	60
30	0	78
31	0	96
16	0	95
18	0	73
19	0	95
46	0	70
22	0	99
15	0	88
33	0	83
15	0	99
40	0	65
39	0	84
40	0	66
24	0	69
48	0	65
22	0	82
46	0	94
18	0	95
20	0	60
18	0	74
7	0	82
32	0	93
37	0	91
3	0	85
20	0	52
31	0	77
24	0	64
45	0	62
11	0	58
10	0	58
42	0	77
6	0	56
44	0	78
39	0	69
44	0	59
10	0	64
14	0	56
14	0	96
9	0	93
34	0	53
28	0	63
6	0	72
43	0	93
33	0	62
46	0	92
43	0	68
17	0	63
4	0	89
27	0	68
36	0	75
41	0	73
17	0	92
11	0	89
6	0	51
30	0	70
29	0	53
29	0	83
42	0	58
20	0	81
12	0	64
26	0	89
46	0	85
21	0	61
0	0	54
23	0	82
44	0	75
20	0	91
41	0	59
1	0	95
45	0	74
23	0	98
15	0	99
18	0	75
2	0	95
31	0	89
11	0	77
11	0	78
45	0	83
33	0	50
19	0	80
24	0	61
38	0	91
37	0	61
22	0	96
21	0	55
40	0	86
36	0	75
34	0	59
9	0	56
0	0	71
1	0	71
46	0	86
47	0	57
17	0	58
2	0	68
40	0	87
5	0	66
16	0	84
3	0	56
6	0	58
5	0	82
10	0	91
29	0	68
24	0	72
35	0	59
1	0	74
12	0	68
36	0	78
7	0	86
41	0	62
26	0	86
2	0	75
25	0	93
40	0	80
21	0	97
28	0	96
3	0	85
32	0	80
19	0	58
23	0	52
1	0	83
6	0	88
24	0	98
23	0	84
10	0	79
46	0	86
44	0	86
24	0	68
10	0	64
25	0	66
11	0	53
15	0	68
48	0	80
37	0	66
44	0	75
45	0	94
18	0	81
2	0	72
9	0	70
36	0	91
32	0	72
30	0	52
42	0	74
0	0	65
41	0	71
36	0	68
13	0	56
41	0	57
43	0	87
44	0	74
4	0	96
46	0	64
43	0	56
20	0	79
42	0	52
5	0	60
49	0	98
9	0	50
39	0	52
2	0	86
47	0	83
3	0	54
23	0	90
25	0	84
46	0	78
13	0	94
35	0	56
0	0	87
34	0	94
7	0	85
23	0	85
24	0	55
15	0	55
41	0	60
4	0	90
8	0	93
45	0	95
17	0	59
16	0	71
41	0	61
2	0	90
14	0	95
15	0	88
27	0	88
17	0	89
15	0	75
24	0	95
9	0	92
9	0	81
16	0	54
44	0	84
24	0	74
32	0	77
6	0	78
31	0	54
43	0	77
0	0	82
20	0	54
22	0	56
0	0	71
45	0	85
45	0	52
8	0	75
0	0	76
2	0	59
44	0	76
36	0	77
27	0	90
17	0	94
34	0	83
21	0	64
0	0	67
21	0	50
3	0	96
15	0	79
36	0	75
46	0	65
5	0	63
23	0	95
18	0	59
3	0	89
29	0	79
2	0	73
35	0	62
29	0	57
29	0	89
38	0	53
31	0	77
45	0	90
40	0	67
29	0	70
36	0	73
33	0	70
47	0	88
32	0	90
34	0	54
37	0	50
27	0	54
27	0	59
1	0	73
15	0	56
41	0	94
11	0	94
24	0	95
36	0	56
22	0	99
40	0	89
6	0	65
36	0	83
11	0	79
11	0	74
9	0	61
42	0	52
24	0	70
38	0	66
28	0	51
17	0	66
4	0	91
24	0	59
23	0	64
30	0	99
26	0	55
42	0	74
23	0	84
49	0	73
12	0	69
8	0	84
10	0	54
12	0	94
11	0	86
39	0	52
18	0	57
4	0	87
0	0	53
0	0	61
28	0	54
45	0	56
40	0	86
40	0	83
36	0	97
48	0	52
27	0	72
23	0	54
6	0	82
32	0	57
23	0	96
37	0	56
18	0	62
14	0	86
33	0	76
4	0	76
22	0	94
39	0	87
41	0	55
43	0	79
8	0	77
1	0	67
17	0	71
0	0	83
13	0	70
11	0	96
31	0	52
3	0	58
3	0	59
48	0	82
34	0	55
1	0	93
3	0	71
17	0	50
26	0	87
9	0	95
48	0	89
48	0	92
25	0	63
8	0	57
33	0	68
7	0	60
23	0	71
44	0	92
25	0	55
5	0	67
13	0	58
35	0	73
48	0	82
42	0	76
33	0	60
44	0	89
1	0	73
12	0	71
43	0	86
2	0	51
11	0	67
3	0	50
0	0	54
36	0	59
17	0	71
19	0	67
29	0	65
9	0	94
19	0	54
37	0	52
38	0	73
41	0	66
42	0	68
0	0	82
0	0	98
49	0	91
18	0	50
2	0	50
34	0	80
2	0	69
31	0	97
9	0	67
29	0	59
28	0	55
33	0	84
32	0	84
3	0	69
12	0	95
4	0	67
9	0	90
41	0	88
25	0	61
30	0	72
8	0	92
7	0	71
24	0	77
45	0	90
1	0	81
10	0	83
0	0	57
43	0	69
13	0	73
2	0	63
4	0	52
46	0	66
8	0	99
28	0	98
32	0	94
21	0	89
28	0	62
19	0	63
38	0	92
31	0	55
22	0	94
39	0	56
14	0	70
31	0	82
86	0	96
96	0	86
79	0	99
99	0	79
64	0	85
85	0	64
92	0	86
86	0	92
53	0	64
64	0	53
81	0	68
68	0	81
81	0	58
58	0	81
80	0	79
79	0	80
56	0	95
95	0	56
63	0	88
88	0	63
59	0	66
66	0	59
62	0	86
86	0	62
75	0	50
50	0	75
74	0	90
90	0	74
91	0	88
88	0	91
89	0	65
65	0	89
74	0	66
66	0	74
95	0	58
58	0	95
66	0	80
80	0	66
66	0	51
51	0	66
91	0	98
98	0	91
94	0	72
72	0	94
90	0	82
82	0	90
50	0	84
84	0	50
60	0	61
61	0	60
54	0	79
79	0	54
83	0	77
77	0	83
57	0	61
61	0	57
80	0	78
78	0	80
76	0	67
67	0	76
94	0	59
59	0	94
62	0	90
90	0	62
78	0	68
68	0	78
72	0	69
69	0	72
80	0	82
82	0	80
82	0	51
51	0	82
98	0	84
84	0	98
77	0	74
74	0	77
94	0	70
70	0	94
83	0	71
71	0	83
96	0	61
61	0	96
93	0	68
68	0	93
52	0	78
78	0	52
50	0	72
72	0	50
87	0	97
97	0	87
83	0	89
89	0	83
63	0	73
73	0	63
51	0	89
89	0	51
68	0	86
86	0	68
83	0	82
82	0	83
69	0	73
73	0	69
70	0	96
96	0	70
83	0	74
74	0	83
55	0	96
96	0	55
52	0	50
50	0	52
59	0	51
51	0	59
85	0	66
66	0	85
92	0	65
65	0	92
86	0	75
75	0	86
59	0	54
54	0	59
69	0	71
71	0	69
68	0	86
86	0	68
98	0	73
73	0	98
64	0	79
79	0	64
74	0	52
52	0	74
61	0	69
69	0	61
62	0	98
98	0	62
72	0	57
57	0	72
78	0	96
96	0	78
63	0	76
76	0	63
72	0	87
87	0	72
59	0	81
81	0	59
69	0	93
93	0	69
64	0	61
61	0	64
98	0	71
71	0	98
96	0	84
84	0	96
51	0	61
61	0	51
56	0	50
50	0	56
79	0	88
88	0	79
73	0	75
75	0	73
95	0	94
94	0	95
60	0	88
88	0	60
71	0	66
66	0	71
63	0	76
76	0	63
69	0	96
96	0	69
88	0	67
67	0	88
91	0	92
92	0	91
82	0	91
91	0	82
68	0	76
76	0	68
60	0	71
71	0	60
53	0	93
93	0	53
93	0	68
68	0	93
60	0	52
52	0	60
99	0	97
97	0	99
97	0	56
56	0	97
69	0	92
92	0	69
73	0	66
66	0	73
93	0	97
97	0	93
73	0	99
99	0	73
95	0	72
72	0	95
58	0	95
95	0	58
62	0	56
56	0	62
75	0	70
70	0	75
84	0	88
88	0	84
60	0	96
96	0	60
83	0	57
57	0	83
80	0	63
63	0	80
73	0	55
55	0	73
94	0	71
71	0	94
87	0	82
82	0	87
55	0	98
98	0	55
64	0	90
90	0	64
53	0	92
92	0	53
93	0	81
81	0	93
74	0	51
51	0	74
78	0	94
94	0	78
59	0	88
88	0	59
74	0	76
76	0	74
59	0	63
63	0	59
91	0	98
98	0	91
71	0	83
83	0	71
80	0	82
82	0	80
77	0	88
88	0	77
85	0	91
91	0	85
87	0	98
98	0	87
64	0	85
85	0	64
69	0	58
58	0	69
68	0	79
79	0	68
75	0	81
81	0	75
95	0	67
67	0	95
92	0	90
90	0	92
91	0	68
68	0	91
81	0	61
61	0	81
80	0	81
81	0	80
99	0	75
75	0	99
51	0	71
71	0	51
64	0	95
95	0	64
62	0	74
74	0	62
76	0	94
94	0	76
71	0	51
51	0	71
56	0	82
82	0	56
86	0	54
54	0	86
91	0	85
85	0	91
85	0	91
91	0	85
99	0	81
81	0	99
53	0	50
50	0	53
90	0	72
72	0	90
68	0	86
86	0	68
80	0	84
84	0	80
91	0	51
51	0	91
82	0	98
98	0	82
78	0	61
61	0	78
79	0	74
74	0	79
61	0	89
89	0	61
71	0	60
60	0	71
92	0	99
99	0	92
51	0	56
56	0	51
82	0	91
91	0	82
50	0	94
94	0	50
65	0	77
77	0	65
92	0	85
85	0	92
50	0	92
92	0	50
52	0	93
93	0	52
61	0	95
95	0	61
54	0	83
83	0	54
89	0	66
66	0	89
56	0	69
69	0	56
92	0	80
80	0	92
96	0	73
73	0	96
85	0	53
53	0	85
94	0	79
79	0	94
78	0	95
95	0	78
77	0	62
62	0	77
80	0	60
60	0	80
97	0	99
99	0	97
92	0	76
76	0	92
95	0	93
93	0	95
79	0	76
76	0	79
53	0	98
98	0	53
54	0	53
53	0	54
53	0	97
97	0	53
62	0	75
75	0	62
81	0	57
57	0	81
64	0	74
74	0	64
56	0	79
79	0	56
54	0	69
69	0	54
78	0	99
99	0	78
97	0	99
99	0	97
61	0	53
53	0	61
73	0	84
84	0	73
75	0	51
51	0	75
74	0	61
61	0	74
89	0	71
71	0	89
97	0	80
80	0	97
74	0	75
75	0	74
77	0	78
78	0	77
64	0	81
81	0	64
90	0	69
69	0	90
95	0	85
85	0	95
75	0	54
54	0	75
90	0	89
89	0	90
68	0	87
87	0	68
67	0	66
66	0	67
79	0	91
91	0	79
78	0	91
91	0	78
87	0	62
62	0	87
66	0	61
61	0	66
74	0	60
60	0	74
52	0	99
99	0	52
76	0	94
94	0	76
91	0	62
62	0	91
77	0	66
66	0	77
93	0	66
66	0	93
50	0	75
75	0	50
93	0	86
86	0	93
60	0	80
80	0	60
52	0	65
65	0	52
55	0	50
50	0	55
98	0	72
72	0	98
77	0	76
76	0	77
61	0	58
58	0	61
78	0	89
89	0	78
77	0	61
61	0	77
98	0	80
80	0	98
57	0	81
81	0	57
92	0	86
86	0	92
81	0	61
61	0	81
85	0	55
55	0	85
54	0	90
90	0	54
70	0	90
90	0	70
63	0	87
87	0	63
65	0	73
73	0	65
93	0	69
69	0	93
54	0	71
71	0	54
99	0	80
80	0	99
93	0	91
91	0	93
98	0	64
64	0	98
59	0	76
76	0	59
61	0	77
77	0	61
73	0	85
85	0	73
55	0	73
73	0	55
93	0	87
87	0	93
75	0	53
53	0	75
98	0	96
96	0	98
60	0	70
70	0	60
73	0	62
62	0	73
77	0	74
74	0	77
78	0	98
98	0	78
70	0	86
86	0	70
78	0	60
60	0	78
67	0	89
89	0	67
64	0	68
68	0	64
50	0	89
89	0	50
71	0	63
63	0	71
89	0	76
76	0	89
70	0	52
52	0	70
93	0	98
98	0	93
80	0	96
96	0	80
58	0	51
51	0	58
92	0	80
80	0	92
53	0	60
60	0	53
83	0	53
53	0	83
70	0	79
79	0	70
68	0	52
52	0	68
82	0	78
78	0	82
77	0	54
54	0	77
80	0	75
75	0	80
87	0	78
78	0	87
62	0	94
94	0	62
88	0	95
95	0	88
55	0	78
78	0	55
80	0	93
93	0	80
82	0	56
56	0	82
83	0	97
97	0	83
65	0	76
76	0	65
55	0	60
60	0	55
57	0	94
94	0	57
53	0	96
96	0	53
74	0	73
73	0	74
69	0	81
81	0	69
86	0	96
96	0	86
77	0	73
73	0	77
76	0	59
59	0	76
97	0	57
57	0	97
63	0	78
78	0	63
53	0	78
78	0	53
86	0	67
67	0	86
95	0	97
97	0	95
95	0	81
81	0	95
90	0	93
93	0	90
71	0	55
55	0	71
95	0	99
99	0	95
67	0	54
54	0	67
81	0	85
85	0	81
83	0	84
84	0	83
59	0	60
60	0	59
71	0	81
81	0	71
64	0	70
70	0	64
83	0	75
75	0	83
90	0	71
71	0	90
61	0	98
98	0	61
59	0	83
83	0	59
96	0	59
59	0	96
68	0	95
95	0	68
82	0	83
83	0	82
68	0	73
73	0	68
74	0	77
77	0	74
82	0	75
75	0	82
57	0	72
72	0	57
75	0	96
96	0	75
61	0	97
97	0	61
57	0	76
76	0	57
80	0	67
67	0	80
62	0	96
96	0	62
58	0	68
68	0	58
92	0	91
91	0	92
95	0	84
84	0	95
91	0	87
87	0	91
52	0	89
89	0	52
97	0	75
75	0	97
78	0	51
51	0	78
59	0	94
94	0	59
54	0	60
60	0	54
97	0	55
55	0	97
85	0	63
63	0	85
62	0	92
92	0	62
86	0	56
56	0	86
67	0	62
62	0	67
78	0	62
62	0	78
53	0	98
98	0	53
67	0	58
58	0	67
51	0	83
83	0	51
93	0	70
70	0	93
57	0	64
64	0	57
87	0	78
78	0	87
59	0	58
58	0	59
83	0	90
90	0	83
77	0	94
94	0	77
92	0	89
89	0	92
85	0	69
69	0	85
54	0	68
68	0	54
82	0	86
86	0	82
55	0	84
84	0	55
61	0	55
55	0	61
61	0	51
51	0	61
67	0	77
77	0	67
52	0	69
69	0	52
55	0	60
60	0	55
93	0	96
96	0	93
74	0	60
60	0	74
66	0	71
71	0	66
95	0	93
93	0	95
80	0	97
97	0	80
80	0	89
89	0	80
95	0	68
68	0	95
84	0	50
50	0	84
74	0	66
66	0	74
51	0	83
83	0	51
63	0	90
90	0	63
61	0	53
53	0	61
63	0	93
93	0	63
54	0	50
50	0	54
92	0	90
90	0	92
94	0	95
95	0	94
87	0	53
53	0	87
79	0	67
67	0	79
51	0	99
99	0	51
67	0	80
80	0	67
66	0	81
81	0	66
96	0	94
94	0	96
86	0	91
91	0	86
72	0	62
62	0	72
57	0	77
77	0	57
98	0	63
63	0	98
89	0	69
69	0	89
88	0	69
69	0	88
53	0	54
54	0	53
74	0	64
64	0	74
83	0	88
88	0	83
53	0	57
57	0	53
81	0	61
61	0	81
58	0	62
62	0	58
95	0	69
69	0	95
81	0	90
90	0	81
57	0	95
95	0	57
79	0	96
96	0	79
60	0	71
71	0	60
74	0	85
85	0	74
95	0	93
93	0	95
58	0	73
73	0	58
67	0	76
76	0	67
53	0	74
74	0	53
80	0	91
91	0	80
94	0	83
83	0	94
94	0	69
69	0	94
75	0	96
96	0	75
99	0	79
79	0	99
98	0	86
86	0	98
75	0	55
55	0	75
80	0	92
92	0	80
60	0	50
50	0	60
77	0	90
90	0	77
64	0	68
68	0	64
53	0	94
94	0	53
51	0	94
94	0	51
57	0	81
81	0	57
82	0	85
85	0	82
64	0	92
92	0	64
72	0	77
77	0	72
65	0	70
70	0	65
56	0	78
78	0	56
78	0	76
76	0	78
99	0	50
50	0	99
62	0	95
95	0	62
55	0	94
94	0	55
95	0	72
72	0	95
56	0	93
93	0	56
68	0	80
80	0	68
98	0	89
89	0	98
59	0	68
68	0	59
96	0	91
91	0	96
50	0	51
51	0	50
84	0	55
55	0	84
72	0	61
61	0	72
93	0	70
70	0	93
83	0	78
78	0	83
93	0	68
68	0	93
91	0	80
80	0	91
99	0	69
69	0	99
52	0	65
65	0	52
65	0	68
68	0	65
85	0	92
92	0	85
56	0	58
58	0	56
50	0	74
74	0	50
89	0	94
94	0	89
81	0	94
94	0	81
79	0	91
91	0	79
78	0	93
93	0	78
74	0	99
99	0	74
99	0	94
94	0	99
94	0	67
67	0	94
88	0	51
51	0	88
71	0	74
74	0	71
59	0	88
88	0	59
84	0	61
61	0	84
87	0	59
59	0	87
59	0	82
82	0	59
98	0	59
59	0	98
68	0	94
94	0	68
73	0	61
61	0	73
74	0	92
92	0	74
70	0	73
73	0	70
70	0	62
62	0	70
82	0	69
69	0	82
52	0	70
70	0	52
50	0	88
88	0	50
90	0	61
61	0	90
70	0	61
61	0	70
82	0	87
87	0	82
92	0	69
69	0	92
96	0	62
62	0	96
52	0	74
74	0	52
79	0	80
80	0	79
77	0	71
71	0	77
74	0	91
91	0	74
63	0	98
98	0	63
58	0	88
88	0	58
73	0	96
96	0	73
59	0	72
72	0	59
88	0	68
68	0	88
83	0	50
50	0	83
63	0	77
77	0	63
97	0	71
71	0	97
56	0	50
50	0	56
78	0	56
56	0	78
95	0	99
99	0	95
55	0	77
77	0	55
69	0	55
55	0	69
63	0	59
59	0	63
89	0	90
90	0	89
82	0	50
50	0	82
62	0	81
81	0	62
87	0	85
85	0	87
91	0	57
57	0	91
63	0	77
77	0	63
78	0	61
61	0	78
90	0	75
75	0	90
70	0	64
64	0	70
82	0	64
64	0	82
61	0	69
69	0	61
68	0	92
92	0	68
78	0	94
94	0	78
93	0	86
86	0	93
99	0	56
56	0	99
58	0	86
86	0	58
72	0	63
63	0	72
61	0	69
69	0	61
92	0	59
59	0	92
71	0	54
54	0	71
76	0	59
59	0	76
91	0	70
70	0	91
58	0	93
93	0	58
51	0	77
77	0	51
69	0	64
64	0	69
99	0	68
68	0	99
53	0	78
78	0	53
71	0	82
82	0	71
59	0	55
55	0	59
65	0	60
60	0	65
50	0	63
63	0	50
82	0	63
63	0	82
68	0	80
80	0	68
60	0	98
98	0	60
63	0	84
84	0	63
54	0	97
97	0	54
69	0	76
76	0	69
53	0	84
84	0	53
61	0	97
97	0	61
83	0	84
84	0	83
73	0	89
89	0	73
54	0	51
51	0	54
50	0	65
65	0	50
66	0	58
58	0	66
66	0	71
71	0	66
81	0	98
98	0	81
72	0	79
79	0	72
58	0	80
80	0	58
90	0	78
78	0	90
98	0	99
99	0	98
53	0	98
98	0	53
60	0	74
74	0	60
99	0	72
72	0	99
84	0	99
99	0	84
69	0	76
76	0	69
52	0	60
60	0	52
52	0	53
53	0	52
84	0	85
85	0	84
71	0	92
92	0	71
90	0	71
71	0	90
67	0	74
74	0	67
88	0	56
56	0	88
64	0	61
61	0	64
60	0	95
95	0	60
53	0	71
71	0	53
83	0	84
84	0	83
64	0	79
79	0	64
87	0	89
89	0	87
66	0	54
54	0	66
90	0	76
76	0	90
73	0	79
79	0	73
56	0	81
81	0	56
93	0	97
97	0	93
58	0	74
74	0	58
97	0	92
92	0	97
84	0	90
90	0	84
79	0	65
65	0	79
87	0	55
55	0	87
52	0	71
71	0	52
58	0	96
96	0	58
95	0	56
56	0	95
96	0	83
83	0	96
76	0	80
80	0	76
58	0	61
61	0	58
99	0	71
71	0	99
61	0	88
88	0	61
90	0	62
62	0	90
56	0	69
69	0	56
62	0	88
88	0	62
74	0	87
87	0	74
77	0	80
80	0	77
70	0	67
67	0	70
77	0	60
60	0	77
64	0	62
62	0	64
96	0	98
98	0	96
50	0	63
63	0	50
64	0	59
59	0	64
52	0	80
80	0	52
98	0	84
84	0	98
90	0	64
64	0	90
56	0	59
59	0	56
71	0	78
78	0	71
74	0	75
75	0	74
98	0	69
69	0	98
68	0	80
80	0	68
77	0	69
69	0	77
76	0	90
90	0	76
90	0	89
89	0	90
53	0	84
84	0	53
78	0	99
99	0	78
69	0	51
51	0	69
88	0	50
50	0	88
92	0	77
77	0	92
75	0	74
74	0	75
91	0	71
71	0	91
81	0	83
83	0	81
81	0	61
61	0	81
68	0	87
87	0	68
83	0	71
71	0	83
90	0	78
78	0	90
67	0	62
62	0	67
80	0	61
61	0	80
80	0	68
68	0	80
90	0	74
74	0	90
97	0	72
72	0	97
96	0	70
70	0	96
69	0	68
68	0	69
64	0	83
83	0	64
53	0	70
70	0	53
51	0	88
88	0	51
57	0	76
76	0	57
85	0	89
89	0	85
93	0	75
75	0	93
52	0	78
78	0	52
62	0	57
57	0	62
52	0	64
64	0	52
60	0	84
84	0	60
68	0	77
77	0	68
70	0	51
51	0	70
75	0	55
55	0	75
52	0	97
97	0	52
50	0	52
52	0	50
81	0	94
94	0	81
82	0	72
72	0	82
69	0	81
81	0	69
62	0	58
58	0	62
98	0	76
76	0	98
92	0	72
72	0	92
83	0	94
94	0	83
79	0	82
82	0	79
59	0	89
89	0	59
86	0	92
92	0	86
62	0	56
56	0	62
64	0	65
65	0	64
64	0	50
50	0	64
54	0	56
56	0	54
98	0	50
50	0	98
51	0	66
66	0	51
85	0	77
77	0	85
98	0	77
77	0	98
78	0	74
74	0	78
72	0	90
90	0	72
67	0	66
66	0	67
92	0	50
50	0	92
58	0	50
50	0	58
86	0	55
55	0	86
64	0	75
75	0	64
57	0	68
68	0	57
70	0	53
53	0	70
92	0	91
91	0	92
66	0	58
58	0	66
82	0	63
63	0	82
56	0	62
62	0	56
92	0	77
77	0	92
95	0	80
80	0	95
57	0	59
59	0	57
72	0	78
78	0	72
94	0	83
83	0	94
69	0	53
53	0	69
72	0	77
77	0	72
79	0	62
62	0	79
93	0	76
76	0	93
64	0	53
53	0	64
61	0	55
55	0	61
77	0	72
72	0	77
51	0	63
63	0	51
78	0	61
61	0	78
80	0	99
99	0	80
67	0	70
70	0	67
95	0	94
94	0	95
99	0	94
94	0	99
52	0	80
80	0	52
58	0	69
69	0	58
85	0	87
87	0	85
89	0	63
63	0	89
93	0	77
77	0	93
52	0	75
75	0	52
69	0	99
99	0	69
99	0	50
50	0	99
93	0	52
52	0	93
54	0	60
60	0	54
62	0	78
78	0	62
66	0	52
52	0	66
85	0	76
76	0	85
79	0	73
73	0	79
67	0	63
63	0	67
61	0	70
70	0	61
72	0	57
57	0	72
63	0	89
89	0	63
69	0	52
52	0	69
54	0	75
75	0	54
76	0	98
98	0	76
78	0	61
61	0	78
58	0	71
71	0	58
97	0	82
82	0	97
77	0	90
90	0	77
56	0	75
75	0	56
99	0	92
92	0	99
50	0	79
79	0	50
89	0	66
66	0	89
59	0	61
61	0	59
78	0	56
56	0	78
60	0	99
99	0	60
90	0	76
76	0	90
